#     1     2     3     4     5     6     7     8     9    10    11    12    13    14    15    16    17    18    19    20    21    22    23    24    25
#     t  gt_x  gt_y  gt_z  gt_ro gt_pi gt_ya gt_vx gt_vy gt_vz gt_vr gt_vp gt_vy od_x  od_y  od_z  od_ro od_pi od_ya od_vx od_vy od_vz od_vr od_vp od_vy   ts
0.000000000 0.000000 -0.000000 0.000000 -0.000000 -0.000000 0.000000 -0.004594 -0.004207 0.047816 0.000720 -0.000228 -0.006641 0.000000 0.000000 0.000000 0.000000 0.000000 -0.000000 -0.006795 -0.005664 0.047965 0.000040 0.001121 -0.006595 1336386844.327849865 
10.419878960 -0.047872 -0.043834 0.498241 0.007499 -0.002371 -0.069198 -0.041762 0.019167 -0.008596 0.005945 0.004733 -0.071579 -0.070798 -0.059016 0.499785 0.000419 0.011684 -0.068716 -0.043749 0.007212 -0.008556 0.000321 0.000743 -0.071966 1336386854.747728825 
21.137468100 -0.479922 0.192709 0.406593 0.070768 0.054223 -0.835973 -0.031896 -0.007311 -0.014643 0.008493 0.003272 -0.048224 -0.534304 0.050399 0.413607 -0.004400 0.016633 -0.840121 -0.039440 -0.017873 -0.014029 0.001683 0.002894 -0.048694 1336386865.465317965 
35.129876137 -0.851361 0.473154 0.219484 0.140301 0.132308 -1.510748 -0.046621 -0.186709 -0.012774 -0.002476 -0.000737 -0.054344 -1.091595 0.296267 0.227616 0.009644 0.050634 -1.522059 -0.050651 -0.195327 -0.012148 -0.005968 0.000995 -0.053998 1336386879.457726002 
37.809273958 -1.349295 0.580990 0.133024 0.112988 0.149254 -1.656830 -0.027832 -0.187140 -0.018931 -0.001532 -0.000608 -0.034467 -1.620690 0.408067 0.196936 -0.013754 0.054161 -1.666921 -0.033529 -0.193273 -0.018010 -0.003645 0.002285 -0.033829 1336386882.137123823 
40.488672018 -1.832277 0.712624 0.038367 0.094579 0.157398 -1.749929 0.016913 -0.163416 -0.013244 -0.007608 -0.001036 0.023979 -2.127942 0.549336 0.160731 -0.028376 0.058815 -1.757795 0.012117 -0.166479 -0.012161 -0.007855 0.001507 0.024407 1336386884.816521883 
43.565009117 -2.327654 0.764125 -0.056738 0.082499 0.146842 -1.675997 0.006663 -0.211999 0.000346 -0.003456 -0.003397 0.017200 -2.638669 0.609465 0.135713 -0.048051 0.065413 -1.682711 0.002010 -0.220296 0.001327 -0.006487 -0.000720 0.016896 1336386887.892858982 
45.946702957 -2.829160 0.807295 -0.099408 0.080133 0.135286 -1.635469 0.004960 -0.165463 -0.007032 0.001972 0.002547 -0.004342 -3.160053 0.661389 0.163699 -0.060825 0.065580 -1.642349 0.003967 -0.171810 -0.006344 -0.000360 0.003140 -0.003970 1336386890.274552822 
49.023049116 -3.334192 0.833271 -0.163205 0.084467 0.144155 -1.648290 -0.034256 -0.035922 0.059275 0.008162 0.006779 -0.131046 -3.688386 0.686215 0.175522 -0.062771 0.074475 -1.655162 -0.038203 -0.032552 0.055869 0.008006 0.011089 -0.129178 1336386893.350898981 
55.572685957 -3.587472 1.022766 0.232214 -0.001823 0.202079 -2.519513 -0.044945 -0.006977 0.002451 0.006302 0.003656 -0.050281 -3.858891 0.922775 0.571669 -0.045169 0.074778 -2.506087 -0.048349 -0.017702 0.007144 -0.000161 0.000160 -0.052556 1336386899.900535822 
66.786460161 -3.236290 1.370793 0.360438 -0.040781 0.210235 -3.097196 -0.064720 -0.143803 -0.006144 0.011334 -0.000933 -0.021867 -3.544697 1.396439 0.700921 -0.080910 0.038874 -3.095363 -0.066965 -0.156385 -0.003792 0.002771 -0.000455 -0.022613 1336386911.114310026 
70.061279058 -3.049946 1.850894 0.403786 -0.018770 0.203720 3.113052 -0.102035 -0.028392 -0.005807 0.005229 0.004900 -0.112841 -3.350561 1.917429 0.738437 -0.074477 0.031304 3.114097 -0.102896 -0.039130 -0.004404 -0.000922 0.001313 -0.113264 1336386914.389128923 
74.824651957 -2.565204 1.972850 0.477517 -0.096913 0.188290 2.564539 -0.131652 -0.065205 -0.061678 0.022933 0.013937 -0.188199 -2.855483 2.091319 0.746729 -0.084366 -0.005121 2.575701 -0.134123 -0.069301 -0.062748 0.020967 0.013942 -0.187753 1336386919.152501822 
78.000234127 -2.070811 1.919541 0.383956 -0.114109 0.144915 1.958326 -0.024744 -0.058179 -0.010276 0.009651 -0.000219 -0.057302 -2.370165 2.062728 0.564542 -0.000319 -0.007403 1.978027 -0.029886 -0.065294 -0.009671 0.005030 0.000934 -0.057374 1336386922.328083992 
85.939064980 -1.562360 1.912690 0.384160 -0.089311 0.078589 1.505310 0.025115 -0.062950 -0.003376 -0.009844 0.000096 0.029218 -1.800430 2.050709 0.486176 0.042902 0.000627 1.522555 0.024469 -0.072701 -0.000860 -0.014811 0.001691 0.028935 1336386930.266914845 
93.381834984 -1.082186 2.069270 0.386195 -0.143539 0.096703 1.722861 -0.009298 -0.118407 -0.013907 0.004733 0.000502 0.002456 -1.251953 2.206537 0.456462 -0.068187 0.004022 1.738247 -0.008843 -0.126990 -0.011316 0.000428 0.000194 0.002259 1336386937.709684849 
97.649023056 -0.573713 2.108563 0.403505 -0.122357 0.100319 1.732978 0.006902 -0.105364 0.000648 -0.001883 0.002874 -0.002796 -0.709343 2.259938 0.445361 -0.066317 0.005504 1.747809 0.005872 -0.117125 0.003186 -0.008358 0.003300 -0.003094 1336386941.976872921 
102.511633158 -0.078705 2.230056 0.465474 -0.133044 0.112518 1.717684 0.036023 -0.042012 0.002942 -0.005087 0.002010 0.053233 -0.156033 2.388222 0.498401 -0.107047 0.020519 1.731735 0.036585 -0.054029 0.005502 -0.011437 0.004761 0.052460 1336386946.839483023 
111.542194128 0.241231 2.612865 0.505125 -0.111999 0.179315 2.199378 0.043531 -0.018550 0.030994 -0.012316 0.006094 0.104918 0.264315 2.793209 0.593131 -0.189606 0.109876 2.199978 0.047537 -0.024594 0.034288 -0.016910 0.007713 0.104362 1336386955.870043993 
120.572755098 0.092002 3.048050 0.727113 -0.027933 0.249476 -3.113557 -0.018841 -0.127778 -0.013107 0.004897 0.003723 -0.012070 0.120055 3.262881 0.889922 -0.175028 0.287362 -3.134293 -0.020447 -0.146669 -0.011489 -0.007765 0.003674 -0.012895 1336386964.900604963 
124.542234182 0.159532 3.558612 0.708908 -0.020811 0.262613 3.119610 0.072032 -0.004372 0.018153 -0.015640 0.005013 0.111856 0.177639 3.844564 0.967081 -0.221286 0.292397 3.093602 0.071932 -0.009568 0.019216 -0.017867 0.007638 0.111385 1336386968.870084047 
131.389582157 -0.348489 3.597131 0.701480 0.063944 0.236248 -2.371669 0.081388 0.023189 0.021454 -0.017685 0.010904 0.138834 -0.332878 3.904159 0.961796 -0.070776 0.413647 -2.382074 0.087865 0.017792 0.023429 -0.023655 0.010034 0.138158 1336386975.717432022 
137.145325184 -0.610393 3.168676 0.719937 0.114448 0.180288 -1.553809 0.008144 -0.075813 -0.007416 0.001224 0.000519 0.005257 -0.628880 3.469081 0.875053 0.128152 0.389613 -1.512238 0.008923 -0.079769 -0.006382 -0.001157 0.000168 0.005353 1336386981.473175049 
143.794198990 -1.104885 3.126108 0.605404 0.128916 0.179615 -1.518117 -0.008625 -0.111717 -0.013128 -0.003318 -0.005377 -0.013907 -1.147819 3.425485 0.750887 0.134909 0.385914 -1.473984 -0.009395 -0.118893 -0.011350 -0.007169 -0.004981 -0.013868 1336386988.122048855 
148.259860992 -1.594566 3.160113 0.491974 0.102163 0.163402 -1.583655 0.016668 -0.151750 -0.011471 0.001827 -0.001078 0.007848 -1.672866 3.459549 0.653988 0.076668 0.371362 -1.543047 0.008400 -0.156126 -0.009112 -0.000061 0.004474 0.007876 1336386992.587710857 
151.633919001 -2.100444 3.125884 0.393315 0.112572 0.157027 -1.557359 0.005817 -0.121092 0.008979 -0.010783 0.000085 0.014532 -2.195523 3.444395 0.577542 0.087263 0.384227 -1.513222 0.005851 -0.127502 0.010456 -0.014117 0.000402 0.014709 1336386995.961768866 
155.801869154 -2.605833 3.098197 0.370255 0.076945 0.150293 -1.496446 -0.011375 -0.163655 -0.017374 0.002858 0.003792 -0.014207 -2.726601 3.392229 0.565711 0.052955 0.379799 -1.447300 -0.013957 -0.174346 -0.014554 -0.003461 0.005052 -0.014333 1336387000.129719019 
158.878214121 -3.105912 3.109455 0.284539 0.079195 0.165143 -1.539710 0.002240 -0.151469 0.001094 -0.008508 0.002744 -0.000648 -3.264017 3.393013 0.513738 0.024898 0.397277 -1.494154 -0.001903 -0.148828 0.000658 -0.006457 0.005733 0.000117 1336387003.206063986 
162.252269983 -3.615375 3.092199 0.247044 0.050251 0.174546 -1.541180 -0.043453 0.006734 -0.009307 0.009131 0.003021 -0.069451 -3.765354 3.364442 0.506742 0.003487 0.416605 -1.493196 -0.044380 0.005206 -0.009627 0.008215 0.003031 -0.068641 1336387006.580119848 
173.465919018 -3.549477 3.591672 0.232753 0.013858 0.192767 -2.334431 -0.078491 0.043725 -0.034250 0.018994 0.009885 -0.142167 -3.745435 3.866190 0.609587 -0.207562 0.329647 -2.318833 -0.086518 0.034524 -0.035733 0.012568 0.009428 -0.143246 1336387017.793768883 
178.725476027 -3.077929 3.748079 0.138180 -0.023200 0.201883 -3.099153 0.000349 -0.053734 -0.005243 0.003400 -0.001693 -0.003274 -3.301989 4.139793 0.547481 -0.310482 0.149026 -3.075424 -0.002283 -0.063086 -0.002608 -0.001419 -0.000518 -0.003535 1336387023.053325891 
188.053749084 -3.094957 4.250053 0.101020 0.002369 0.185292 -3.129841 -0.063119 -0.060016 -0.005082 0.002595 0.000746 -0.093790 -3.341723 4.706182 0.705530 -0.328063 0.134284 -3.105621 -0.067103 -0.072241 -0.003410 -0.003644 -0.000827 -0.093742 1336387032.381598949 
193.809491158 -2.736422 4.599655 0.138396 -0.079164 0.164189 2.605346 -0.085349 0.042688 -0.039305 0.018650 0.011051 -0.166632 -2.989045 5.119082 0.871595 -0.371320 -0.053679 2.670613 -0.091223 0.030444 -0.041974 0.012771 0.008460 -0.166734 1336387038.137341022 
198.672101021 -2.453377 4.208298 0.002075 -0.083415 0.109104 1.787396 -0.027711 -0.070357 -0.013336 0.002902 0.003170 -0.030441 -2.634979 4.867098 0.604238 -0.157975 -0.264120 1.874640 -0.029977 -0.077065 -0.013095 0.000250 0.003525 -0.030243 1336387042.999950886 
205.320976019 -1.950369 4.125949 -0.026953 -0.084554 0.111099 1.582682 -0.000947 -0.129747 -0.010988 -0.004961 -0.001749 0.001592 -2.081931 4.840343 0.547017 -0.098715 -0.266865 1.664860 -0.002412 -0.139982 -0.010351 -0.008513 -0.000865 0.001920 1336387049.648825884 
209.290454149 -1.433489 4.128362 -0.026503 -0.103481 0.104713 1.589603 0.016526 -0.191136 -0.005543 -0.006472 0.004286 0.005739 -1.526182 4.879824 0.557874 -0.134671 -0.269521 1.673081 0.012431 -0.201171 -0.004256 -0.009740 0.006473 0.006158 1336387053.618304014 
211.969851017 -0.923557 4.185983 0.006789 -0.119334 0.117712 1.603810 0.036722 -0.183470 -0.009897 -0.009571 -0.006550 0.044753 -0.994932 4.950280 0.625608 -0.164628 -0.250091 1.687550 0.035326 -0.193092 -0.008074 -0.012750 -0.005375 0.045012 1336387056.297700882 
214.649249077 -0.435924 4.303637 0.027207 -0.129833 0.113662 1.725740 -0.006349 -0.183948 -0.004488 -0.001384 -0.000610 -0.004700 -0.493363 5.085632 0.710509 -0.228450 -0.242707 1.812565 -0.007480 -0.196429 -0.002723 -0.006022 0.000029 -0.003993 1336387058.977098942 
217.427881956 0.068185 4.370813 0.082669 -0.135121 0.110282 1.712933 0.066496 -0.024711 0.007977 -0.012147 0.003409 0.087904 0.035982 5.166612 0.818346 -0.242489 -0.245127 1.801406 0.064631 -0.037640 0.008968 -0.016106 0.007441 0.087430 1336387061.755731821 
224.473705053 0.164270 4.863782 0.109772 -0.131579 0.192129 2.334778 0.126461 0.025533 0.056720 -0.031034 0.007677 0.197674 0.177803 5.622525 1.050143 -0.450178 -0.014043 2.380883 0.122463 0.012274 0.058681 -0.034290 0.013707 0.197065 1336387068.801554918 
228.046235085 -0.251975 5.129106 0.208943 -0.084047 0.258318 3.057515 0.019224 -0.074124 -0.004384 -0.001869 -0.002834 0.020551 -0.227453 5.827812 1.225943 -0.489659 0.320103 3.012948 0.016360 -0.083092 -0.001873 -0.005483 -0.000798 0.020538 1336387072.374084949 
234.695109129 -0.336809 5.631553 0.188210 -0.059496 0.248481 -3.083548 0.063672 -0.029544 0.017566 -0.013507 0.004179 0.088796 -0.344206 6.340434 1.427926 -0.480508 0.376922 -3.137968 0.062791 -0.040597 0.018868 -0.017235 0.007817 0.088481 1336387079.022958994 
241.740931988 -0.815919 5.804485 0.209634 0.005813 0.264558 -2.435568 0.125781 0.053880 0.039921 -0.019180 0.005927 0.218547 -0.848309 6.530808 1.497639 -0.288901 0.636387 -2.480522 0.129133 0.030588 0.040743 -0.028896 0.013360 0.216688 1336387086.068781853 
245.313337088 -1.050200 5.352871 0.230870 0.124666 0.203604 -1.633780 0.019525 -0.100564 0.009903 -0.013300 -0.004441 0.022110 -1.102237 6.148063 1.310654 0.223656 0.670326 -1.489079 0.019075 -0.108896 0.011813 -0.016713 -0.003688 0.022017 1336387089.641186953 
250.275184155 -1.556232 5.292408 0.198265 0.079720 0.166970 -1.526211 0.010673 -0.126651 -0.010296 -0.001063 0.001312 0.005835 -1.637430 6.068893 1.202732 0.218000 0.624273 -1.362743 0.007838 -0.132280 -0.010243 -0.003074 0.002875 0.005725 1336387094.603034019 
254.244661093 -2.052360 5.241894 0.111573 0.079441 0.170270 -1.502364 -0.029217 -0.179612 -0.009303 -0.000130 0.003183 -0.032532 -2.143717 6.027768 1.060194 0.223580 0.630280 -1.332225 -0.026974 -0.185600 -0.008583 -0.001692 0.002021 -0.032070 1336387098.572510958 
257.023296118 -2.552880 5.298890 0.060902 0.063369 0.185561 -1.593330 -0.001289 -0.160234 0.000195 0.006680 0.003281 -0.021004 -2.660688 6.047814 0.993205 0.154529 0.652768 -1.440100 -0.004898 -0.170331 0.003067 0.002308 0.005055 -0.020813 1336387101.351145983 
260.198878050 -3.060383 5.320185 0.030595 0.072050 0.199770 -1.660569 0.075924 -0.018735 0.017498 -0.013673 0.003671 0.076503 -3.199509 6.034556 0.944162 0.112605 0.677255 -1.520746 0.075450 -0.030566 0.020202 -0.018767 0.006590 0.075547 1336387104.526727915 
266.450803995 -3.228082 4.848110 0.035076 0.071301 0.166872 -1.174577 0.094362 0.027582 0.042004 -0.022692 0.002148 0.155986 -3.381679 5.592098 0.729631 0.332287 0.581967 -0.942891 0.094566 0.018808 0.042890 -0.026068 0.005399 0.155553 1336387110.778653860 
271.214178085 -2.935880 4.452271 0.166445 0.057362 0.084956 -0.429626 0.056975 -0.025713 0.017230 -0.009696 -0.001068 0.071896 -3.074223 5.199266 0.667780 0.506375 0.244272 -0.214029 0.056348 -0.034340 0.019452 -0.013412 0.002018 0.071588 1336387115.542027950 
278.954658985 -2.612949 4.077334 0.250321 0.018466 0.033653 0.125635 0.015702 -0.168353 -0.003276 -0.010296 -0.001607 0.007132 -2.724896 4.810725 0.564968 0.452042 -0.028725 0.272861 0.008789 -0.171689 -0.002071 -0.010945 0.002656 0.007691 1336387123.282508850 
281.931766987 -2.504463 3.586118 0.229754 -0.011479 0.028470 0.146783 -0.005529 -0.235996 -0.025079 0.028689 0.001211 -0.016273 -2.570195 4.379353 0.337003 0.418643 -0.031603 0.296924 -0.017244 -0.267059 -0.018201 0.010230 0.007330 -0.017598 1336387126.259616852 
284.114979982 -2.442331 3.073872 0.181282 0.050149 0.030687 0.111211 -0.006146 -0.185884 -0.004532 0.005323 -0.002028 -0.003247 -2.446789 3.876931 0.062624 0.441756 -0.001353 0.268337 -0.009617 -0.204152 -0.004021 -0.005309 -0.000452 -0.004552 1336387128.442829847 
286.893615007 -2.403288 2.559807 0.143356 0.064653 0.025511 0.101915 -0.003726 -0.190099 -0.001643 0.000177 -0.001286 0.007723 -2.337532 3.380086 -0.190035 0.426987 0.002919 0.256366 -0.006282 -0.204438 -0.001508 -0.007006 0.000052 0.007554 1336387131.221464872 
289.573012114 -2.362478 2.053328 0.106321 0.065636 0.020729 0.122347 -0.025601 -0.227813 0.003269 -0.016517 0.002286 -0.014133 -2.228463 2.894970 -0.420512 0.408191 -0.005337 0.274847 -0.028434 -0.232949 0.002421 -0.017906 0.003460 -0.013944 1336387133.900861979 
291.855461121 -2.357628 1.530671 0.080877 0.027244 0.028040 0.090489 -0.035440 -0.244213 -0.021183 -0.006309 0.002874 -0.019247 -2.156826 2.405850 -0.626840 0.367327 0.014546 0.248770 -0.039394 -0.247137 -0.021360 -0.006652 0.004747 -0.019930 1336387136.183310986 
293.939437151 -2.386909 1.018386 0.024978 0.012955 0.035096 0.050534 -0.026361 -0.161056 -0.008706 -0.006058 -0.000664 -0.005591 -2.125168 1.934447 -0.852124 0.352732 0.038683 0.213539 -0.025382 -0.164086 -0.009885 -0.006896 -0.000801 -0.004298 1336387138.267287016 
297.015782118 -2.444006 0.519790 -0.005354 -0.006287 0.033273 0.033300 0.088939 0.002655 0.024814 -0.013792 0.004375 0.142569 -2.110929 1.463568 -1.051874 0.330973 0.040934 0.200267 0.089430 -0.007109 0.026409 -0.017453 0.008056 0.141741 1336387141.343631983 
302.473813057 -1.955122 0.551426 0.113765 -0.056373 0.051984 0.812268 0.042835 -0.025958 0.018569 -0.011365 0.005678 0.075063 -1.611393 1.479728 -0.948242 0.172010 -0.156511 0.951857 0.043891 -0.033699 0.021185 -0.014875 0.008123 0.074307 1336387146.801662922 
312.000560045 -1.496013 0.691439 0.282860 -0.116758 0.130294 1.528056 0.008147 -0.106872 -0.009136 -0.000881 -0.001290 0.005022 -1.099013 1.594313 -0.740928 -0.114296 -0.153035 1.672239 0.006161 -0.114301 -0.007515 -0.004280 0.000175 0.005152 1336387156.328409910 
316.664695978 -0.994735 0.709761 0.293534 -0.117696 0.127010 1.552213 0.091617 -0.027408 0.024616 -0.016088 0.003006 0.112572 -0.570598 1.672667 -0.710876 -0.137892 -0.149442 1.696287 0.089169 -0.039164 0.026244 -0.020693 0.008220 0.112201 1336387160.992545843 
321.825016975 -0.860166 1.194390 0.375257 -0.111371 0.186146 2.137748 0.140753 0.058895 0.044171 -0.031779 0.014726 0.240176 -0.444394 2.122906 -0.482249 -0.303290 -0.008665 2.261613 0.141872 0.046492 0.044925 -0.037750 0.020268 0.238806 1336387166.152866840 
325.000598192 -1.277798 1.475239 0.409099 -0.050331 0.257525 2.918563 0.028199 -0.064835 0.010329 -0.008318 -0.001673 0.037861 -0.872372 2.352585 -0.386292 -0.352687 0.263091 2.980333 0.028650 -0.072663 0.012601 -0.012792 -0.000768 0.037562 1336387169.328448057 
332.046296120 -1.388831 1.964481 0.451009 -0.037747 0.249691 -3.088848 -0.000817 -0.191057 -0.017930 0.004533 -0.002045 -0.000152 -1.059320 2.838692 -0.187580 -0.362793 0.339850 -3.037407 -0.002653 -0.198267 -0.016858 0.000897 -0.000942 0.000196 1336387176.374145985 
334.725692987 -1.406698 2.477617 0.423750 -0.025654 0.244199 -3.089054 0.000823 -0.193329 -0.005989 0.012123 -0.000302 -0.007255 -1.154475 3.344226 -0.047278 -0.359902 0.337675 -3.035938 -0.002375 -0.215995 -0.000997 -0.002707 0.000889 -0.008591 1336387179.053542852 
337.405091047 -1.435385 2.995072 0.420545 0.001999 0.242844 -3.109052 -0.001358 -0.174931 0.002330 0.002895 -0.000092 -0.009696 -1.272052 3.877399 0.144782 -0.374903 0.331710 -3.059612 -0.005345 -0.193877 0.002937 -0.009107 0.001830 -0.010754 1336387181.732940912 
340.382199049 -1.449823 3.515679 0.427241 0.003466 0.242523 -3.138791 0.004031 -0.214848 -0.017114 0.002048 -0.010855 -0.003272 -1.372019 4.404886 0.357492 -0.412743 0.324884 -3.093153 -0.002392 -0.218343 -0.017103 0.000615 -0.006952 -0.002990 1336387184.710048914 
342.763885975 -1.450363 4.027236 0.383647 0.006407 0.216688 3.136326 0.040991 -0.194394 0.001365 -0.013814 0.004187 0.019953 -1.445092 4.894616 0.521630 -0.411298 0.306860 -3.093027 0.033647 -0.198519 0.002151 -0.014162 0.008888 0.020347 1336387187.091735840 
345.344046116 -1.551076 4.529353 0.361210 -0.017873 0.226868 -3.093956 0.035840 -0.240788 -0.004452 -0.023370 0.002409 0.027830 -1.613758 5.354246 0.695472 -0.435101 0.348622 -3.051606 0.029788 -0.246104 -0.002651 -0.024393 0.006301 0.028189 1336387189.671895981 
347.428022146 -1.647600 5.027204 0.344110 -0.053170 0.232537 -3.034455 -0.028488 -0.306293 -0.016434 0.021263 -0.008515 -0.033746 -1.785715 5.808047 0.872732 -0.467852 0.384863 -3.000118 -0.033436 -0.314616 -0.014429 0.016455 -0.005667 -0.033344 1336387191.755872011 
349.115049124 -1.656385 5.546711 0.354967 -0.030443 0.214797 -3.091855 -0.000436 -0.104853 -0.009971 -0.003578 0.000792 -0.019819 -1.883191 6.283762 1.095622 -0.457929 0.350549 -3.048974 -0.002727 -0.110395 -0.009324 -0.006184 0.001875 -0.019700 1336387193.442898989 
353.878422976 -1.672379 6.047202 0.323878 -0.067930 0.214727 3.094628 -0.063911 0.020656 -0.029815 0.017701 0.008755 -0.147184 -1.982354 6.767974 1.281003 -0.517306 0.315732 3.141512 -0.071458 0.012203 -0.031109 0.012560 0.007087 -0.147214 1336387198.206272840 
360.725771189 -1.205857 5.897879 0.208744 -0.097592 0.116198 2.074800 -0.043344 -0.204953 -0.016510 -0.007731 -0.006021 -0.064895 -1.446920 6.800651 1.217668 -0.464513 -0.192774 2.258669 -0.046480 -0.217453 -0.014596 -0.012735 -0.005451 -0.064649 1336387205.053621054 
363.206694126 -0.708143 6.051561 0.229931 -0.133953 0.084245 1.915495 -0.044304 -0.072415 -0.019562 0.004667 0.009683 -0.078671 -0.964433 6.998751 1.401006 -0.464111 -0.274624 2.116156 -0.044655 -0.077100 -0.020052 0.003439 0.008838 -0.078253 1336387207.534543991 
369.061674118 -0.209310 5.950940 0.195074 -0.130349 0.072215 1.450354 -0.063270 -0.021886 -0.027804 0.015851 0.004809 -0.118350 -0.430190 6.997743 1.423548 -0.273269 -0.399208 1.645099 -0.065745 -0.031786 -0.029096 0.012595 0.002326 -0.118484 1336387213.389523983 
376.008260012 -0.088893 5.482319 0.055491 -0.031477 -0.012812 0.631477 -0.039457 0.011530 -0.051464 0.016021 0.003710 -0.083284 -0.136431 6.650282 1.121624 0.216393 -0.446971 0.738083 -0.047846 -0.008941 -0.051864 0.008160 0.001402 -0.083762 1336387220.336109877 
383.649504185 -0.372817 5.368425 -0.344170 0.104726 -0.000669 -0.005366 -0.003165 -0.078145 0.014119 -0.007225 -0.003451 -0.001741 -0.264223 6.558868 0.601328 0.500186 -0.223458 0.099841 -0.010947 -0.096733 0.017170 -0.013860 -0.000384 -0.002036 1336387227.977354050 
390.099905014 -0.395997 4.857715 -0.306299 0.058151 -0.021632 -0.018859 -0.003324 -0.107213 -0.009477 -0.007253 0.004381 -0.006088 -0.228312 5.958814 0.388643 0.413629 -0.219313 0.086815 -0.011147 -0.116629 -0.006288 -0.010052 0.007245 -0.006114 1336387234.427754879 
394.764041185 -0.419279 4.361423 -0.379806 0.024902 0.000425 -0.046011 0.020386 -0.142844 0.004052 -0.007722 0.002859 0.023303 -0.183494 5.474566 0.137715 0.369729 -0.176892 0.074102 0.012883 -0.161487 0.008333 -0.013650 0.006196 0.023100 1336387239.091891050 
398.237334013 -0.371376 3.862355 -0.378121 -0.001966 0.008337 0.035150 -0.021359 -0.159722 -0.022937 0.012109 -0.003230 0.000080 -0.069241 4.948131 -0.027369 0.306317 -0.185171 0.158125 -0.032876 -0.188472 -0.017817 0.001998 0.000619 -0.000958 1336387242.565183878 
401.313681126 -0.420348 3.368832 -0.447168 0.035288 -0.001600 0.035416 0.012414 -0.154507 0.034385 -0.001920 0.011721 0.025889 -0.041670 4.409464 -0.269207 0.312881 -0.182467 0.155850 0.007397 -0.189414 0.037369 -0.015084 0.014872 0.024661 1336387245.641530991 
404.588498116 -0.361826 2.860944 -0.352420 0.028758 0.033778 0.121489 0.018016 -0.232499 0.003153 -0.001507 -0.013816 0.029374 0.092672 3.795020 -0.338068 0.245653 -0.160174 0.248823 0.005587 -0.267071 0.001254 -0.013926 -0.007318 0.028328 1336387248.916347980 
406.771711111 -0.261550 2.361835 -0.361458 0.027556 0.001718 0.184695 -0.028940 -0.261343 0.022470 0.003778 0.000799 -0.037064 0.265293 3.254655 -0.473482 0.205777 -0.190449 0.305945 -0.049782 -0.281156 0.021376 -0.002720 0.008794 -0.037402 1336387251.099560976 
408.756450176 -0.222512 1.840407 -0.331071 0.034855 0.005324 0.111204 0.058988 -0.183832 0.020677 -0.014063 0.006494 0.057070 0.353003 2.700418 -0.563364 0.213150 -0.157751 0.235996 0.040700 -0.202790 0.021134 -0.019519 0.014843 0.055465 1336387253.084300041 
411.336485147 -0.018260 1.384392 -0.295094 -0.001020 0.016897 0.258948 -0.003336 -0.065348 0.017838 -0.002936 0.000737 -0.022774 0.584857 2.218367 -0.603541 0.137169 -0.148743 0.385583 -0.011532 -0.085242 0.021695 -0.011229 0.002653 -0.023630 1336387255.664335012 
418.779256105 0.084423 0.908591 -0.161434 -0.025708 0.021966 0.089402 -0.012293 -0.142162 -0.030178 0.012760 -0.005846 -0.023618 0.740827 1.579573 -0.543869 0.077038 -0.103065 0.213233 -0.020417 -0.153136 -0.031244 0.008804 -0.002872 -0.023038 1336387263.107105970 
422.252547979 0.084205 0.410280 -0.252566 0.016903 -0.000513 0.007936 0.013525 0.001410 0.044254 -0.003459 -0.001804 0.019874 0.797338 1.057757 -0.699506 0.115694 -0.106524 0.132225 0.011243 -0.008659 0.045929 -0.008152 0.000464 0.019459 1336387266.580397844 
