#     1     2     3     4     5     6     7     8     9    10    11    12    13    14    15    16    17    18    19    20    21    22    23    24    25    26
#     t  gt_x  gt_y  gt_z  gt_ro gt_pi gt_ya gt_vx gt_vy gt_vz gt_vr gt_vp gt_vy od_x  od_y  od_z  od_ro od_pi od_ya od_vx od_vy od_vz od_vr od_vp od_vy od_failure ts
0.000000000 0.000000 -0.000000 0.000000 0.000000 -0.000000 0.000000 0.173741 0.013943 -0.002084 0.010644 -0.003992 0.223775 -0.000000 0.000000 0.000000 -0.000000 -0.000000 -0.000000 3.538935 -0.069912 -0.392859 0.002318 0.002492 0.077529 0.000000000 1319017539.616945982 
2.183207035 0.379313 0.030440 -0.004550 0.023237 -0.008716 0.488547 0.161670 0.033680 0.037349 -0.002979 -0.012026 0.220278 7.726228 -0.152632 -0.857693 0.005061 0.005440 0.169261 5.677052 0.712044 0.018995 -0.004613 0.017687 0.140776 0.000000000 1319017541.800153017 
4.366414070 0.656718 0.258990 0.081751 0.010081 -0.044728 0.968973 0.052459 -0.044185 0.024513 0.002819 -0.004654 0.033703 19.681544 3.467328 -0.875780 -0.003595 0.042268 0.476851 1.198502 -1.568614 0.055494 0.003624 0.003583 0.011810 0.000000000 1319017543.983360052 
10.519042015 1.060852 0.364559 0.244104 0.017993 -0.074481 1.176527 0.006596 -0.132754 0.009679 0.006784 -0.011327 -0.008637 30.670255 -1.717201 -0.811575 0.021780 0.064462 0.549570 -5.221312 4.452562 -0.001179 0.032694 -0.029829 -0.164077 0.000000000 1319017550.135987997 
15.877686024 1.730834 0.120840 0.285687 0.057912 -0.134253 1.128816 0.003651 -0.105376 0.019937 0.005596 0.002497 -0.007847 -5.570716 4.057973 1.503007 0.139245 -0.101887 -0.325670 -1.462223 -2.396389 -0.060029 0.048661 0.015861 -0.015348 0.000000000 1319017555.494632006 
18.259387970 1.961597 0.016307 0.319433 0.073703 -0.127212 1.110353 -0.078719 -0.023610 -0.011582 -0.005717 -0.000338 -0.127771 -10.565200 -0.200302 0.219875 0.258328 -0.059356 -0.356655 -4.153577 -1.488733 0.181437 0.015450 0.014399 -0.105994 0.000000000 1319017557.876333952 
26.098982096 1.854849 -0.599292 0.137796 0.101943 -0.009460 0.112486 -0.136062 0.054129 -0.068106 -0.022610 -0.006194 -0.213638 -45.001890 0.201075 -3.315279 0.346198 0.259013 -1.138001 -1.797863 -0.266095 0.095171 -0.006903 -0.015299 -0.084280 0.000000000 1319017565.715928078 
28.282187939 1.546070 -0.500637 -0.000900 0.045956 0.023860 -0.352954 -0.059595 -0.029488 -0.011474 0.000626 0.001390 -0.038672 -47.153474 3.387041 -2.311573 0.276233 0.285125 -1.330242 0.012663 -0.039039 0.000830 0.021896 -0.018658 -0.012934 0.000000000 1319017567.899133921 
32.549355030 1.263617 -0.528144 -0.049506 0.044096 0.037008 -0.517634 -0.021267 -0.131699 -0.013683 -0.009433 -0.007899 0.001122 -47.300531 3.309745 -2.367100 0.348217 0.222761 -1.406801 0.111813 -0.804346 0.200879 0.028906 -0.005612 0.004343 0.000000000 1319017572.166301012 
35.526417971 1.013840 -0.834594 -0.105104 0.016110 0.013367 -0.515334 -0.010264 -0.128853 0.000993 -0.002190 -0.002853 0.004972 -49.678720 2.644226 -2.689292 0.435771 0.202639 -1.400215 0.152320 -1.039183 0.345582 0.019584 -0.003151 0.004871 0.000000000 1319017575.143363953 
43.167515039 0.460283 -1.652593 -0.112326 -0.000130 -0.009048 -0.477706 -0.004000 -0.124438 0.000879 -0.000224 -0.003924 -0.000396 -57.710309 0.299501 -3.861850 0.590229 0.165045 -1.376330 0.707264 3.789891 -1.765630 -0.020050 0.025076 0.086194 0.000000000 1319017582.784461021 
55.770385027 -0.305580 -3.022077 -0.101503 -0.002913 -0.058507 -0.482692 0.001019 -0.122339 0.003850 -0.000417 -0.001321 0.002300 -4.668690 0.429363 2.659260 0.164026 -0.134712 -0.301039 0.055229 -2.278618 0.289984 0.032131 0.000863 0.004037 0.000000000 1319017595.387331009 
59.541433096 -0.517124 -3.432023 -0.085444 -0.004993 -0.063462 -0.473988 -0.003533 -0.120907 0.001807 0.002847 -0.001701 -0.003837 -6.996608 -7.911486 2.365910 0.283068 -0.133972 -0.285347 0.189719 -2.834187 0.113995 0.022992 -0.004490 -0.000371 0.000000000 1319017599.158379078 
63.312356949 -0.737554 -3.831323 -0.077215 0.006659 -0.069942 -0.488460 0.002366 -0.123892 0.001896 0.001037 -0.002878 0.003107 -8.909079 -18.170202 -0.087773 0.370627 -0.149834 -0.291487 0.017986 -0.858483 0.193519 0.025922 -0.000416 0.004636 0.000000000 1319017602.929302931 
70.953450918 -1.166407 -4.675548 -0.067790 0.012926 -0.092071 -0.464771 0.002381 -0.117950 -0.003584 0.002005 0.005699 -0.005810 -10.547311 -24.621468 -1.053727 0.563683 -0.165551 -0.259184 0.968384 0.420308 0.142677 0.053379 -0.011509 -0.004082 0.000000000 1319017610.570396900 
74.526003122 -1.346116 -5.056602 -0.085182 0.021978 -0.071426 -0.485309 0.009558 -0.132177 0.003580 0.009377 -0.010797 -0.003596 -7.189912 -24.480305 0.732698 0.760300 -0.192416 -0.294114 -1.120020 5.389738 -4.329488 -0.156107 0.010460 -0.012374 0.000000000 1319017614.142949104 
78.594671965 -1.562933 -5.550460 -0.079670 0.061267 -0.115014 -0.500990 0.003583 -0.125204 0.005704 0.002901 -0.007210 -0.002315 -3.774789 3.772674 2.165583 0.127365 -0.126886 -0.301285 -0.288013 -2.383603 -0.107774 0.040726 0.002893 -0.008221 0.000000000 1319017618.211617947 
81.571733952 -1.732235 -5.883104 -0.084280 0.070865 -0.136011 -0.509259 0.004928 -0.133171 0.011496 0.002776 -0.010017 0.000175 -6.516243 -2.703414 0.847273 0.251533 -0.115201 -0.324622 0.315034 -2.446271 -0.249954 0.018646 -0.004150 -0.002071 0.000000000 1319017621.188679934 
84.052557945 -1.883905 -6.178165 -0.077614 0.077956 -0.160829 -0.510603 -0.002325 -0.116015 0.008629 -0.000345 0.007705 -0.000431 -7.375948 -8.452964 -1.159930 0.298670 -0.123890 -0.332218 0.092315 -2.350068 -0.550961 0.028244 -0.003538 -0.001731 0.000000000 1319017623.669503927 
90.899791956 -2.286487 -6.865688 -0.083085 0.075513 -0.108004 -0.509426 0.117102 0.049358 0.008691 0.002713 -0.002306 0.202385 -10.462395 -22.482466 -9.358345 0.494405 -0.143536 -0.350860 3.404270 -0.563175 -0.090919 0.005265 0.003930 0.084341 0.000000000 1319017630.516737938 
97.250911951 -1.497975 -6.952876 0.075318 -0.065747 -0.117090 0.785502 0.053682 -0.055721 0.003696 0.004178 -0.005216 0.032962 8.940821 -32.645078 -8.448431 0.393049 -0.347822 0.161635 1.768705 -0.833511 -0.213640 0.027591 0.015395 0.033796 0.000000000 1319017636.867857933 
102.411181927 -1.104575 -6.963424 0.145341 -0.063356 -0.131099 0.958455 0.020141 -0.127541 0.004719 0.021700 0.001467 -0.010259 18.877657 -34.622622 -7.843589 0.460481 -0.334170 0.364329 -0.047150 0.156995 0.026890 0.067219 -0.000959 -0.009395 0.000000000 1319017642.028127909 
106.082854033 -0.684425 -7.176447 0.201547 0.021364 -0.128014 0.920208 -0.003557 -0.123639 0.017794 0.007571 -0.015526 -0.014435 18.450873 -34.279669 -7.574830 0.718253 -0.321814 0.330104 -1.179407 17.746572 -9.044474 -0.254943 -0.139256 -0.247977 0.000000000 1319017645.699800014 
108.464555025 -0.457317 -7.365654 0.236249 0.043945 -0.164168 0.884590 0.003257 -0.155441 0.019140 -0.002161 -0.005267 -0.026851 -2.450200 7.185049 2.536510 0.172214 -0.152880 -0.336004 -0.358338 -0.436617 -0.060826 0.099346 0.006005 -0.017744 0.000000000 1319017648.081501007 
110.548511982 -0.204002 -7.569870 0.262632 0.048724 -0.172413 0.827359 0.085198 0.061464 -0.019870 -0.001104 0.008616 0.125136 -3.395014 6.588502 2.145259 0.384427 -0.134125 -0.370597 0.197138 0.050862 -0.075302 0.030438 0.024252 0.029675 0.000000000 1319017650.165457964 
125.136083126 -0.016396 -6.021802 0.233662 -0.196490 0.120447 2.634796 0.027612 -0.104532 -0.034247 0.020084 0.006527 -0.002174 -0.248011 6.545585 1.796418 0.729637 0.058187 0.147879 1.262446 -3.902943 -0.002785 0.029443 -0.009035 0.006192 0.000000000 1319017664.753029108 
129.006252050 0.101351 -5.603761 0.170179 -0.120410 0.143570 2.621478 0.017126 -0.119424 -0.021682 0.010293 -0.005367 -0.003482 5.654675 -3.951640 -8.547714 0.843805 0.016149 0.142426 -0.006187 -3.202853 -0.069987 0.025431 0.004560 0.004908 0.000000000 1319017668.623198032 
133.174165010 0.294739 -5.132559 0.130349 -0.079222 0.119608 2.609677 -0.000880 -0.123906 -0.001476 0.002079 -0.008560 -0.004736 6.695046 -12.545243 -18.714073 0.950018 0.013491 0.170224 0.124824 -1.695474 -0.018268 0.027872 -0.001450 -0.001613 0.000000000 1319017672.791110992 
142.998461008 0.909754 -4.085151 0.212680 -0.063752 0.032001 2.570095 -0.005981 -0.128112 0.008434 -0.004401 -0.008801 -0.001067 9.338572 -21.773570 -32.382870 1.223404 0.018088 0.149421 -0.112639 -3.126150 -0.553973 0.034779 0.000113 0.002792 0.000000000 1319017682.615406990 
152.525133133 1.609438 -3.093076 0.372361 -0.106054 -0.052325 2.565318 0.006600 -0.126566 0.002639 0.002413 -0.005110 -0.005349 8.515298 -27.132705 -62.158051 1.554776 -0.006551 0.159489 0.880185 -5.977853 -0.963637 0.061794 -0.005461 0.005866 0.000000000 1319017692.142079115 
154.807461023 1.754600 -2.845604 0.409666 -0.099976 -0.065210 2.554391 0.008339 -0.126565 -0.002839 0.009824 -0.000675 -0.000315 10.272560 -24.844091 -75.821501 1.696058 -0.020136 0.147238 -0.069818 -1.147609 -0.161659 0.055743 -0.003256 0.009645 0.000000000 1319017694.424407005 
162.349427938 2.233765 -2.021033 0.487577 -0.025765 -0.070513 2.552532 0.000252 -0.128607 0.008951 0.003203 -0.009133 -0.001181 9.583695 -22.630184 -84.265488 2.119198 -0.089195 0.113657 -2.051865 -2.827382 -0.503919 0.063230 0.016670 -0.009113 0.000000000 1319017701.966373920 
169.494398117 2.746839 -1.261061 0.575091 -0.002454 -0.135960 2.545730 0.014589 -0.130638 0.022353 0.004769 -0.010921 0.004074 -5.107609 -10.614758 -100.872487 2.562308 -0.095188 0.249771 -0.187059 -0.054065 0.192772 0.095188 0.007402 0.001240 0.000000000 1319017709.111344099 
172.074469090 2.911618 -0.965731 0.638151 0.008396 -0.164103 2.556450 -0.002029 -0.119422 0.024199 -0.003107 -0.007097 0.001877 -5.489330 -10.872652 -101.408711 2.807056 -0.112918 0.257598 0.041984 -0.335606 -0.042329 0.074612 -0.006967 0.001959 0.000000000 1319017711.691415071 
178.425583124 3.361889 -0.352712 0.781387 -0.013256 -0.209265 2.568234 -0.079386 -0.076836 0.017697 -0.024531 -0.000752 -0.121266 -5.719932 -8.760122 -101.821723 -2.999510 -0.075167 0.231259 -0.408903 -0.638046 -0.238304 0.019924 -0.017752 -0.092806 0.000000000 1319017718.042529106 
180.807157993 3.623985 -0.304812 0.785707 -0.010656 -0.206037 2.273057 -0.098618 0.034902 -0.013684 -0.003759 -0.002332 -0.115108 -7.048317 -7.610100 -101.120051 -2.972296 -0.062452 0.456401 -1.478692 2.051815 0.402901 0.031779 -0.021020 -0.080376 0.000000000 1319017720.424103975 
190.829942942 3.964421 -1.246405 0.445595 0.147426 -0.115517 1.105355 0.006761 -0.122753 0.043355 -0.004557 0.007503 0.018044 -11.274964 -31.509626 -109.475925 -2.751476 0.044867 1.276454 0.065560 -1.363092 -0.132128 0.047822 -0.000027 -0.001317 0.000000000 1319017730.446888924 
193.112394094 4.229014 -1.369459 0.503721 0.131896 -0.104516 1.148842 -0.007090 -0.108196 0.045299 0.002834 -0.011439 0.016636 -13.856497 -30.502309 -108.022017 -2.642200 0.043781 1.279261 0.654937 -1.677661 -0.222680 0.054134 -0.017516 -0.006848 0.000000000 1319017732.729340076 
195.692462921 4.484661 -1.513216 0.580527 0.135093 -0.139338 1.187867 0.019476 -0.114622 0.041748 -0.002841 -0.004171 0.017694 -16.714852 -27.764255 -105.521203 -2.500721 0.074964 1.316503 -0.447852 -0.607607 0.372324 0.036287 0.015457 0.000810 0.000000000 1319017735.309408903 
197.974915028 4.750403 -1.581661 0.645311 0.123069 -0.154104 1.227064 -0.062963 -0.070387 0.021817 -0.001323 0.009123 -0.093427 -18.536147 -28.332609 -105.297068 -2.419317 0.047774 1.293905 0.291555 -2.134320 -0.531129 0.066329 -0.035668 -0.066688 0.000000000 1319017737.591861010 
200.852726936 4.884650 -1.825991 0.654500 0.155224 -0.090095 0.962618 -0.134444 0.055834 -0.083661 -0.017481 -0.005770 -0.221313 -21.700031 -26.303661 -100.135697 -2.233444 -0.001866 1.505580 7.263546 -14.691626 -15.180363 -0.541516 0.200103 0.442830 0.000000000 1319017740.469672918 
205.715248108 4.259391 -2.144557 0.237204 0.068208 0.065213 -0.103657 -0.076138 -0.077940 -0.003319 -0.002250 -0.007641 -0.024011 -5.197172 7.822623 1.660960 0.057030 -0.137834 -0.383382 -0.016312 -0.015005 0.571238 0.006069 0.022365 -0.001285 0.000000000 1319017745.332194090 
221.989896059 2.889886 -3.270706 0.177917 0.001488 -0.037994 -0.499743 -0.003617 -0.123057 0.003328 -0.001852 -0.001228 -0.000670 -6.911369 7.679763 10.804257 0.159689 0.226725 -0.382583 0.058005 -1.052150 0.200540 0.032521 -0.000954 0.006118 0.000000000 1319017761.606842041 
231.119573116 2.321579 -4.240484 0.205356 -0.015189 -0.049193 -0.505880 0.004922 -0.125200 0.000741 0.004347 -0.007009 0.000067 -10.023311 -1.604404 10.958192 0.468718 0.208915 -0.327636 -0.016643 -0.620237 0.044621 0.020985 -0.001516 0.001377 0.000000000 1319017770.736519098 
240.844609976 1.772405 -5.327896 0.233378 0.026968 -0.117339 -0.504183 0.003344 -0.146617 0.026871 0.010049 -0.024091 -0.011157 -12.427073 -6.678059 8.704895 0.673959 0.189708 -0.322253 0.799548 1.234440 -1.942208 -0.085225 -0.030990 0.031764 0.000000000 1319017780.461555958 
248.088827133 1.261006 -6.264355 0.401021 0.110515 -0.289181 -0.592105 0.001970 -0.110019 0.037898 -0.003742 0.006208 0.010803 -3.006009 6.800099 2.297156 0.083710 -0.128463 -0.287148 0.192292 -0.751579 0.315796 0.060127 -0.005631 0.000339 0.000000000 1319017787.705773115 
253.745203018 0.877301 -6.780169 0.542623 0.070135 -0.260402 -0.525275 0.002682 -0.108177 -0.001538 -0.002992 0.029251 0.007103 -3.388591 2.340166 3.849314 0.423950 -0.160363 -0.287909 0.178198 -1.776540 -0.189567 0.016265 -0.011616 -0.000267 0.000000000 1319017793.362149000 
258.607846022 0.635213 -7.245749 0.503155 0.044699 -0.120682 -0.480906 0.005678 -0.100316 -0.030512 -0.006819 0.009565 0.031150 -4.023795 -5.288168 -0.349784 0.507617 -0.211260 -0.312869 0.235046 -0.643999 -0.006458 0.016458 0.001819 0.021078 0.000000000 1319017798.224792004 
270.714455128 0.187292 -8.361923 0.091213 -0.085642 -0.012817 -0.101243 0.097040 -0.029546 -0.001953 -0.006253 -0.002312 0.060923 -2.692181 -12.840162 -3.525546 0.640628 -0.308868 -0.067689 0.069989 -0.122454 -0.002965 0.015167 0.010413 0.014335 0.000000000 1319017810.331401110 
289.172296047 1.913760 -9.086576 0.124894 -0.163928 0.029066 1.023050 0.146234 0.041188 0.026674 -0.001993 -0.013244 0.211820 -1.161608 -14.727383 -4.461663 0.793126 -0.292422 0.273013 0.522050 -0.077655 0.019720 -0.002480 0.011306 0.032654 0.000000000 1319017828.789242029 
293.737069130 2.087270 -8.407784 0.194904 -0.078145 0.091042 1.991289 0.091712 -0.030336 0.015970 0.000933 -0.008007 0.068534 1.172691 -14.398652 -3.956079 0.729541 -0.358886 0.423983 0.367585 -0.705489 -0.099414 0.023212 0.017078 0.020881 0.000000000 1319017833.354015112 
302.271378040 1.989206 -7.582257 0.279188 -0.006679 0.050683 2.579867 0.009155 -0.120387 -0.002945 0.003450 -0.004394 -0.012279 6.950907 -16.094626 -7.203821 0.828174 -0.357659 0.669353 -0.008907 -1.155704 -0.403876 0.062296 0.006728 -0.009110 0.000000000 1319017841.888324022 
305.446932077 2.168583 -7.243378 0.270926 0.002310 0.036430 2.540948 -0.000051 -0.132209 0.007499 -0.000033 -0.001681 -0.005752 8.864123 -16.540661 -10.558706 1.027648 -0.321897 0.665327 0.210195 -2.957459 -0.453877 0.073190 0.000290 -0.014999 0.000000000 1319017845.063878059 
307.630134106 2.331355 -7.004967 0.286624 0.001779 0.032786 2.528375 0.000634 -0.129647 0.014594 -0.003780 -0.003954 0.000397 12.246164 -17.050332 -16.142959 1.192631 -0.293494 0.648215 0.161822 -1.673279 -0.128828 0.016760 -0.000249 -0.001081 0.000000000 1319017847.247080088 
314.477356911 2.836161 -6.274492 0.384775 -0.024015 0.005708 2.531045 -0.006817 -0.119010 0.008006 -0.003627 0.000378 -0.004304 17.681452 -17.211909 -26.326646 1.308671 -0.287242 0.643712 0.246464 -0.843027 -0.117140 0.031290 -0.000302 -0.004256 0.000000000 1319017854.094302893 
317.950526953 3.091908 -5.949922 0.422632 -0.036695 0.006661 2.516070 -0.001009 -0.120432 0.013068 0.000694 0.002216 0.006649 19.222374 -16.513019 -28.897333 1.418731 -0.273234 0.638680 0.749286 -5.947434 -0.467698 0.020212 -0.009232 0.008474 0.000000000 1319017857.567472935 
321.423825979 3.338202 -5.614218 0.483358 -0.034125 0.015197 2.538869 -0.002478 -0.117481 0.005316 -0.000395 -0.002548 0.001150 26.619713 -12.918020 -48.093367 1.497583 -0.307066 0.610104 0.467645 -3.370226 -0.493527 0.027055 -0.004177 0.001191 0.000000000 1319017861.040771961 
325.790101051 3.636773 -5.198328 0.524214 -0.035768 0.004250 2.544266 -0.002285 -0.128749 0.009345 -0.000324 -0.006367 -0.000178 31.275047 -8.354763 -61.615879 1.621479 -0.313535 0.591384 -0.496776 -2.186360 -0.660267 0.041553 0.005028 -0.001524 0.000000000 1319017865.407047033 
335.515255928 4.356620 -4.178556 0.659902 -0.038985 -0.057696 2.544758 -0.003181 -0.124104 0.013212 -0.002996 -0.019008 -0.003193 28.637901 -1.103360 -82.996644 2.010244 -0.300832 0.643300 -0.324371 -1.521108 -0.653220 0.094180 0.002983 -0.004572 0.000000000 1319017875.132201910 
337.698333025 4.515754 -3.960737 0.698816 -0.045248 -0.099430 2.539389 -0.001203 -0.134478 0.025190 -0.002992 -0.017041 -0.002711 27.043871 1.080226 -85.497254 2.212771 -0.294553 0.653896 -0.550480 -3.959213 -0.478084 0.060226 0.001761 -0.005080 0.000000000 1319017877.315279007 
341.866238117 4.845000 -3.513380 0.827908 -0.057016 -0.170892 2.531220 0.002734 -0.126359 0.012736 0.000517 -0.001453 0.001297 21.090609 10.977231 -97.668778 2.458373 -0.281938 0.673217 0.012570 -0.965773 0.095875 0.092525 -0.006471 -0.002532 0.000000000 1319017881.483184099 
344.347181082 5.024768 -3.259375 0.877753 -0.056324 -0.174306 2.534691 0.007713 -0.123857 0.017282 0.002163 -0.002350 0.004634 20.418183 12.625698 -99.290165 2.689345 -0.265519 0.667762 0.087851 -0.591148 0.039284 0.078022 -0.008102 0.004587 0.000000000 1319017883.964127064 
347.026495934 5.204774 -2.984170 0.945265 -0.052774 -0.179879 2.547651 -0.001724 -0.121372 0.012594 -0.005034 -0.000628 0.003017 19.904949 13.976721 -99.987632 2.903942 -0.251307 0.646557 0.098374 -1.261880 -0.401292 0.032342 -0.007728 0.008043 0.000000000 1319017886.643441916 
351.988258123 5.560421 -2.502651 1.036381 -0.080497 -0.182181 2.563018 0.004629 -0.125163 0.004190 -0.000874 0.000889 0.004639 16.242415 19.423548 -99.419585 3.076698 -0.223140 0.597553 0.102721 -1.346349 -0.428806 0.040604 -0.003605 0.009567 0.000000000 1319017891.605204105 
354.667572021 5.738289 -2.220655 1.076153 -0.085078 -0.178794 2.575412 -0.006765 -0.123170 0.000776 -0.002515 0.002667 -0.005755 14.230169 22.498454 -98.468745 -3.091743 -0.215086 0.570731 0.106769 -1.869854 -0.507679 0.018612 -0.014445 -0.002368 0.000000000 1319017894.284518003 
357.942373037 5.977681 -1.896859 1.108434 -0.089779 -0.171660 2.555603 -0.135803 0.044005 -0.005420 -0.003336 0.006426 -0.215177 10.905305 27.533119 -96.473803 -3.032925 -0.168214 0.580967 -1.792057 -1.235094 0.327966 -0.018219 -0.013861 -0.059181 0.000000000 1319017897.559319019 
362.904134035 6.405310 -2.438816 0.947654 0.091607 -0.128750 1.474960 -0.071078 -0.021381 -0.018113 -0.004692 -0.004874 -0.058668 0.270293 28.049594 -98.902085 3.105522 -0.123714 0.882282 -1.548538 0.556295 0.358553 0.021556 -0.015104 -0.030028 0.000000000 1319017902.521080017 
369.155991077 6.486863 -2.873257 0.766637 0.102694 -0.117636 1.104294 -0.001029 -0.115898 0.030437 -0.001192 -0.001162 0.014597 -2.921991 18.572736 -102.195319 -3.065062 -0.020534 1.065621 -0.802271 -4.148782 -0.171965 0.038675 0.008741 0.001492 0.000000000 1319017908.772937059 
372.530039072 6.838860 -3.062531 0.827870 0.092804 -0.126442 1.153275 0.004599 -0.113430 0.036473 0.001376 -0.000152 0.021499 -16.423130 22.908106 -100.602481 -2.934389 -0.049553 1.058340 -0.257328 -5.904304 -0.373584 0.042799 0.002884 -0.008012 0.000000000 1319017912.146985054 
375.110105038 7.114567 -3.181142 0.895411 0.089194 -0.131776 1.208952 -0.042114 -0.066275 0.006616 -0.009010 0.000478 -0.073992 -29.667121 29.366456 -96.563226 -2.824924 -0.061079 1.077072 -3.749040 -3.406191 0.110822 0.012666 0.019194 -0.066323 0.000000000 1319017914.727051020 
379.972618103 7.345424 -3.486055 0.871810 0.085986 -0.089717 0.849369 -0.122510 0.066228 -0.069758 -0.006807 0.003358 -0.218276 -52.431865 20.632472 -93.039080 -2.791992 -0.246611 1.360133 -3.026430 0.661012 0.386686 -0.008090 -0.007222 -0.065811 0.000000000 1319017919.589564085 
385.033627033 6.683173 -3.687431 0.494602 0.084476 0.053026 -0.247295 -0.076970 -0.010979 -0.023409 -0.003522 -0.000813 -0.059777 -52.967445 6.302869 -99.672418 -2.934119 -0.310758 1.702323 5.596172 5.832520 -23.025537 0.640758 0.105103 0.423752 0.000000000 1319017924.650573015 
389.697644949 6.319545 -3.638754 0.400675 0.050206 0.070426 -0.526114 -0.002621 -0.121201 -0.009942 -0.003710 0.001379 0.005869 -3.916939 7.173234 3.028479 0.055128 -0.174090 -0.310423 -0.568642 -1.064678 0.134213 0.040052 0.008639 0.004222 0.000000000 1319017929.314590931 
392.972445011 6.110702 -3.973987 0.348974 0.039418 0.073957 -0.506638 -0.011941 -0.133192 0.004299 0.002584 -0.004359 -0.002317 -6.774821 4.408539 2.948938 0.183616 -0.146583 -0.294900 -0.305047 -0.659928 0.258720 0.014902 0.001919 0.002345 0.000000000 1319017932.589390993 
396.941853046 5.812456 -4.413425 0.348704 0.048949 0.057029 -0.516526 -0.002816 -0.136578 0.009049 0.003099 -0.010456 0.007351 -8.798296 2.135529 3.297798 0.241207 -0.140785 -0.284253 0.014426 -0.132189 0.178228 0.037346 -0.000856 0.001364 0.000000000 1319017936.558799028 
400.613645077 5.555738 -4.845525 0.357928 0.061778 0.017346 -0.491463 -0.009911 -0.135275 0.014084 -0.002816 -0.010047 -0.001843 -8.993949 1.538809 3.819618 0.377751 -0.145032 -0.280096 -0.175194 -0.674992 0.153991 0.021278 0.002706 -0.006308 0.000000000 1319017940.230591059 
409.644058943 4.898535 -5.885592 0.410993 0.036205 -0.072185 -0.513658 0.000520 -0.119522 0.010184 -0.000310 -0.001718 0.003705 -12.073739 -4.004420 2.645365 0.576018 -0.101173 -0.324223 -0.116381 -0.828785 0.211548 0.034963 0.003538 0.006455 0.000000000 1319017949.261004925 
415.399676085 4.560176 -6.486466 0.444798 0.032900 -0.082824 -0.492636 -0.000479 -0.126243 0.007855 0.001138 -0.001988 -0.000012 -14.040154 -8.263535 1.008635 0.772516 -0.104235 -0.281746 0.014933 -0.398915 0.029101 0.028978 0.000437 0.003694 0.000000000 1319017955.016622066 
425.025452137 3.977939 -7.555202 0.479890 0.043920 -0.101943 -0.493387 -0.000707 -0.117403 0.003869 0.000398 0.001387 -0.004485 -14.473966 -11.204323 -1.442341 1.048088 -0.125992 -0.253122 0.069244 -1.098641 -0.082244 0.022206 -0.001445 -0.001951 0.000000000 1319017964.642398119 
428.697117090 3.771835 -7.934043 0.474915 0.047035 -0.096119 -0.509688 -0.004135 -0.126316 -0.000240 -0.003230 -0.001713 -0.000883 -14.225017 -13.078547 -5.027452 1.130624 -0.122431 -0.261358 1.093492 1.171725 -0.366575 -0.164814 -0.002067 -0.000704 0.000000000 1319017968.314063072 
434.849721909 3.374184 -8.601046 0.434635 0.027738 -0.106391 -0.515647 -0.005912 -0.124699 -0.003361 -0.000431 -0.000658 -0.001240 -7.109435 -9.689894 1.313522 0.118214 -0.123923 -0.274813 0.160274 0.978841 -0.142353 0.026101 -0.004182 0.003158 0.000000000 1319017974.466667891 
447.254182100 2.556688 -9.913692 0.342751 0.024063 -0.114111 -0.531354 0.091067 0.024318 0.001643 0.002578 -0.001398 0.094202 -1.843903 1.569210 1.240247 0.437960 -0.179989 -0.241546 0.065886 -0.226706 -0.002496 0.009049 0.003609 0.009161 0.000000000 1319017986.871128082 
462.139457941 3.897558 -10.282700 0.530043 -0.070302 -0.063364 0.876816 -0.013309 -0.122231 -0.009990 -0.005187 0.003312 -0.012070 -1.379674 -1.676384 -0.025305 0.541786 -0.186987 -0.092713 -0.088459 -0.162540 0.122473 0.025273 -0.000260 -0.008013 0.000000000 1319018001.756403923 
467.101215124 4.323415 -10.722203 0.519030 -0.092059 -0.051056 0.815849 0.091442 -0.057031 0.000462 0.003411 -0.007412 0.145232 -1.921459 -2.634690 -0.003946 0.673370 -0.167478 -0.127935 3.621159 0.000211 0.123300 0.018481 0.008908 0.116642 0.000000000 1319018006.718161106 
469.482908964 4.570419 -10.656914 0.543710 -0.095799 -0.034443 1.162103 0.124184 0.065584 0.008508 0.003719 -0.012638 0.188295 6.451542 -3.896023 1.660385 0.655858 -0.317836 0.113984 0.167780 0.001520 0.006943 -0.002481 0.009762 0.018730 0.000000000 1319018009.099854946 
476.627865076 4.489248 -9.655999 0.589941 -0.028390 -0.004578 2.508419 0.028933 -0.076014 0.003413 -0.004969 -0.005713 0.016001 7.571090 -3.789642 2.078653 0.582432 -0.340127 0.271618 0.004386 0.056689 0.110358 0.018290 0.001149 -0.000455 0.000000000 1319018016.244811058 
480.894889116 4.581410 -9.321975 0.614271 -0.049850 -0.026997 2.577368 0.000044 -0.120669 -0.000389 -0.000950 0.002184 -0.002209 7.434234 -3.886936 2.581061 0.660106 -0.334964 0.272754 0.005591 -0.627311 -0.053247 0.023146 0.001887 -0.002168 0.000000000 1319018020.511835098 
493.200097084 5.375710 -8.069335 0.683471 -0.060764 -0.001495 2.548894 -0.002266 -0.126934 0.004347 0.000390 -0.002605 -0.008039 10.693540 -8.889688 -2.355465 0.947466 -0.300255 0.265603 -0.082192 -0.755314 0.103432 0.048968 -0.000192 -0.010766 0.000000000 1319018032.817043066 
496.971007109 5.649183 -7.678689 0.728888 -0.059224 -0.013139 2.519232 -0.002300 -0.131097 0.007241 -0.003970 -0.006037 0.002841 11.522414 -10.715447 -4.438761 1.139160 -0.267628 0.240424 0.095794 -1.005026 -0.285383 0.031480 -0.001395 -0.001066 0.000000000 1319018036.587953091 
510.665431976 6.718284 -6.247258 0.933712 -0.114308 -0.093356 2.563019 -0.005184 -0.128154 0.002391 -0.002116 -0.006529 -0.007514 16.907635 -11.668827 -17.724548 1.576485 -0.262292 0.216138 0.629374 -0.355772 -0.143678 0.087171 -0.008969 -0.010185 0.000000000 1319018050.282377958 
514.237968922 6.986652 -5.880436 0.992427 -0.119611 -0.119563 2.538847 0.000265 -0.124210 0.012886 -0.003898 -0.010513 0.009437 19.238195 -10.624195 -18.366230 1.895216 -0.225608 0.183475 1.408898 -0.004602 0.420935 0.116339 -0.020676 0.006136 0.000000000 1319018053.854914904 
519.993581057 7.398394 -5.312898 1.150418 -0.149441 -0.172934 2.600829 0.002470 -0.126640 0.001361 0.000818 0.001494 0.002892 27.601913 -11.399177 -17.329410 2.594989 -0.219235 0.056392 0.058305 -1.145114 -0.332552 0.032040 -0.007954 0.006324 0.000000000 1319018059.610527039 
526.741545916 7.838738 -4.593228 1.287568 -0.147009 -0.160034 2.618854 -0.006858 -0.122736 -0.012906 -0.001470 0.005401 0.002455 28.003383 -3.596415 -19.293022 2.825830 -0.195084 -0.009174 0.141327 -1.335959 -0.377183 0.016990 -0.014222 0.000140 0.000000000 1319018066.358491898 
532.398032904 8.224200 -4.010376 1.310491 -0.156877 -0.127772 2.628186 0.027013 -0.088769 -0.031993 0.005747 -0.001049 0.056629 28.921348 4.241269 -19.450675 2.926014 -0.118804 -0.035063 0.912479 -0.160675 -0.000694 0.029399 -0.004875 0.048138 0.000000000 1319018072.014978886 
540.138346910 8.380643 -3.275061 1.201008 -0.151484 -0.057590 3.062918 0.155638 -0.011123 -0.055767 -0.012335 -0.010349 0.217166 36.003646 5.209625 -18.872507 -3.071160 -0.151565 -0.411537 1.098133 -2.433161 0.613447 -0.027597 0.065251 0.067953 0.000000000 1319018079.755292892 
542.321543932 8.039102 -3.205626 1.104066 -0.187941 -0.004728 -2.748319 0.107388 0.021170 -0.070849 -0.001242 -0.012014 0.148989 40.466225 9.146350 -19.461621 -3.106849 -0.281332 -0.574582 -3.488707 7.014965 -7.845148 -0.802173 -0.043161 -0.120434 0.000000000 1319018081.938489914 
546.191702127 7.665196 -3.392430 0.821357 -0.164910 0.052155 -2.172607 0.029851 -0.070262 -0.020013 0.000165 -0.005573 0.013463 7.406843 -3.028799 5.034523 -0.058523 -0.099890 -0.106805 0.092576 -2.083465 0.073445 0.031538 0.021209 0.023438 0.000000000 1319018085.808648109 
549.764113903 7.391998 -3.332135 0.786518 -0.161493 0.040339 -2.121862 0.002905 -0.110720 -0.021312 0.001708 0.002483 -0.004228 6.874461 -10.429121 5.761288 0.046271 -0.019048 -0.027884 0.869864 -2.119446 -0.475222 0.030195 -0.009944 0.005022 0.000000000 1319018089.381059885 
553.237405062 7.053444 -3.135370 0.774896 -0.156187 0.046485 -2.137761 0.001654 -0.113104 -0.023895 -0.001149 -0.007549 -0.007059 9.729009 -17.788796 3.829878 0.150867 -0.054354 -0.012046 0.432145 -2.549687 0.066288 0.047174 -0.003657 0.018100 0.000000000 1319018092.854351044 
555.916714907 6.790553 -2.972351 0.758604 -0.160002 0.023557 -2.153298 0.006168 -0.127483 -0.024249 0.000939 -0.004123 0.000507 10.849625 -24.583287 3.042896 0.274573 -0.071268 0.034540 -0.560278 -1.819500 -0.496187 0.062062 0.010627 0.021422 0.000000000 1319018095.533660889 
559.588500977 6.380522 -2.728979 0.744751 -0.156471 0.008906 -2.149050 -0.002639 -0.116294 -0.021200 -0.001978 0.000641 -0.001500 9.257570 -30.578421 -0.659600 0.495471 -0.054742 0.120928 0.338199 -1.776381 -0.153881 0.070967 -0.010618 0.011118 0.000000000 1319018099.205446959 
566.435709953 5.712871 -2.271435 0.725612 -0.170106 0.011641 -2.159883 -0.000852 -0.115992 -0.030794 -0.005664 0.002507 0.002562 13.147791 -40.380314 -7.232765 0.980757 -0.154848 0.153516 -0.014782 -0.839860 0.140018 0.062360 0.004550 0.017949 0.000000000 1319018106.052655935 
569.015772104 5.457854 -2.097993 0.697997 -0.184659 0.019134 -2.154461 -0.006380 -0.119299 -0.025808 -0.003489 0.005723 0.000382 13.584602 -41.836463 -8.819018 1.135234 -0.186685 0.189660 0.914983 -3.565480 -0.061942 0.065853 -0.011689 0.027547 0.000000000 1319018108.632718086 
571.496711969 5.214080 -1.917837 0.689707 -0.193364 0.033266 -2.156137 -0.005710 -0.111889 -0.038360 -0.003762 -0.001611 -0.001995 17.926159 -44.661500 -16.341903 1.299025 -0.260874 0.192259 3.731347 -0.738492 0.948585 0.103245 -0.047959 0.009479 0.000000000 1319018111.113657951 
574.076774120 4.970990 -1.737385 0.648566 -0.203212 0.028197 -2.160392 -0.001507 -0.113409 -0.036692 0.000778 0.000277 -0.000826 27.902714 -45.642330 -14.997406 1.600658 -0.315689 0.073762 0.843877 -0.656780 0.342073 0.086580 -0.012779 0.021147 0.000000000 1319018113.693720102 
576.458467007 4.738930 -1.576772 0.617601 -0.201418 0.028447 -2.162453 0.000762 -0.121315 -0.034218 0.000066 -0.003407 0.002583 30.356274 -46.230763 -15.882809 1.819044 -0.364929 0.039585 0.577143 -0.034709 0.614215 0.108174 -0.013841 0.030276 0.000000000 1319018116.075412989 
580.130125999 4.354808 -1.320863 0.583549 -0.200842 0.018085 -2.150659 -0.000765 -0.113729 -0.031266 -0.004967 -0.003786 0.005287 32.661178 -48.295905 -15.759572 2.253288 -0.458813 -0.045803 0.233133 -0.656105 0.513164 0.092071 -0.003797 0.036939 0.000000000 1319018119.747071981 
582.412570000 4.131249 -1.171960 0.565440 -0.211924 0.012023 -2.137108 -0.002198 -0.120626 -0.031032 0.002108 -0.005458 -0.003185 33.980358 -48.320710 -17.228155 2.496157 -0.517814 -0.114724 1.031266 0.006818 0.504064 0.099601 -0.024392 0.009512 0.000000000 1319018122.029515982 
589.954385996 3.348301 -0.654005 0.528192 -0.196362 -0.033272 -2.151924 0.005711 -0.126226 -0.026684 -0.004663 -0.010356 0.001720 41.905536 -51.577226 -15.990214 -2.947758 -0.406329 -0.296802 1.813788 -1.380134 0.559523 0.104062 -0.016229 0.028656 0.000000000 1319018129.571331978 
592.236829996 3.094972 -0.503349 0.525104 -0.207337 -0.055688 -2.143450 0.000083 -0.112006 -0.029407 0.010852 -0.000739 -0.005443 46.762341 -49.572950 -14.947728 -2.686371 -0.356703 -0.357624 1.245125 -0.079456 0.374375 0.059883 -0.020216 0.003058 0.000000000 1319018131.853775978 
595.213881969 2.804929 -0.317774 0.508113 -0.174147 -0.061169 -2.158883 0.005437 -0.104568 -0.031791 0.005207 0.009464 0.006807 50.555364 -50.240454 -14.493930 -2.513983 -0.298592 -0.338493 -7.581847 -5.594358 -1.346441 0.328413 -0.022403 0.005799 0.000000000 1319018134.830827951 
603.351181984 2.042251 0.129809 0.403673 -0.134665 0.024326 -2.117828 -0.005962 -0.109116 -0.037507 -0.000631 0.003990 -0.006659 -4.843428 1.505962 1.381605 0.148129 -0.122999 -0.269004 3.013369 -5.319589 0.433592 0.044699 -0.037656 0.003591 0.000000000 1319018142.968127966 
607.122090101 1.690557 0.372736 0.319331 -0.137664 0.035857 -2.144747 0.119805 0.058877 -0.029810 0.002075 -0.016359 0.205828 0.850143 -20.894138 1.442465 0.319176 -0.265425 -0.276909 0.652590 3.939591 -1.045112 -0.013742 0.077364 0.091000 0.000000000 1319018146.739036083 
613.770801067 1.565993 -0.483984 0.040894 0.021361 0.033263 -0.774071 0.046373 -0.069648 -0.006643 0.001698 -0.004912 0.024467 11.863697 4.097669 4.145168 0.009290 0.113246 0.402821 1.212380 -1.041993 0.118245 0.010874 0.003278 0.018697 0.000000000 1319018153.387747049 
621.114243984 1.451224 -1.085417 -0.030091 0.039421 -0.007148 -0.595338 -0.004430 -0.124465 0.003063 -0.004584 0.000844 -0.001420 23.087202 0.554284 3.931185 0.104692 0.134970 0.541572 -0.021430 -0.903143 0.259977 0.034091 0.003580 0.004147 0.000000000 1319018160.731189966 
630.640882969 0.751313 -2.043754 -0.047966 -0.004155 0.001417 -0.608535 0.001195 -0.126337 -0.001789 0.000107 -0.002445 -0.002753 27.638503 -6.995619 5.508461 0.435275 0.164639 0.584996 -0.092327 -2.010217 0.395430 0.015001 -0.000123 -0.000226 0.000000000 1319018170.257828951 
634.411792994 0.482646 -2.437231 -0.052740 -0.003765 -0.007848 -0.618876 0.000889 -0.126475 -0.000887 0.000233 -0.004936 -0.002113 31.242880 -13.606926 3.746224 0.491681 0.164580 0.584014 460680535468553993429563179524948960540632037435875348583830213623808.000000 -53045510566538593245068444411843398866222077085941428103080044396544.000000 106397444251747054412248833067231830579458815974606316716795556265984.000000 0.269563 -0.199408 -0.179373 0.000000000 1319018174.028738976 
639.572036982 0.107777 -2.971512 -0.054824 -0.002478 -0.033361 -0.629685 -0.005225 -0.128227 0.000491 -0.000898 -0.003001 -0.003344 2280873660296000745656388037913318028055025262939104190424741952094208.000000 907533346056485925678897188565163416256882344127664857827447440146432.000000 -39504650704560421707579659239277014045316667937394142731360039600128.000000 1.564388 -0.526352 -0.508720 -13824808988043164366615795284552707692167454085087232.000000 20678300943763426700370953725871890194269919913181184.000000 -38725175176734545519738290583669493896463874428764160.000000 0.015034 -0.002589 -0.001020 0.000000000 1319018179.188982964 
641.953603983 -0.082161 -3.210960 -0.053314 -0.004351 -0.040526 -0.637638 0.007647 -0.123636 -0.001272 0.002134 -0.004983 0.008810 2280873660296000745656388037913318028055025262939104190424741952094208.000000 907533346056485925678897188565163416256882344127664857827447440146432.000000 -39504650704560421707579659239277014045316667937394142731360039600128.000000 1.603764 -0.523952 -0.515858 33167539970723893706524398555645609102432535417192448.000000 -13297585149552898187364378734522623266144007252606976.000000 70207173701470847644218213484169788319082521508708352.000000 0.030599 0.000878 0.013138 0.000000000 1319018181.570549965 
645.625386953 -0.329786 -3.592501 -0.054869 0.002169 -0.058661 -0.605160 0.106871 0.068465 0.015613 -0.000394 -0.007745 0.192473 2280873660296000745656388037913318028055025262939104190424741952094208.000000 907533346056485925678897188565163416256882344127664857827447440146432.000000 -39504650704560421707579659239277014045316667937394142731360039600128.000000 1.715028 -0.572269 -0.513916 6008892486392414090899132517033640953731827655245824.000000 14751241946986865479164810260416491423278989653835776.000000 -12182734962607363746456111986851983893863544895045632.000000 0.002988 0.009240 0.108663 0.000000000 1319018185.242332935 
653.564189911 0.669795 -3.623379 0.119783 -0.061766 -0.066051 0.926651 0.028403 -0.071692 0.004977 0.001671 0.001463 0.012150 2280873660296000745656388037913318028055025262939104190424741952094208.000000 907533346056485925678897188565163416256882344127664857827447440146432.000000 -39504650704560421707579659239277014045316667937394142731360039600128.000000 1.951377 -1.431849 -0.779535 -5449709450757881643865518860443883880047143387398144.000000 17767037356417224806911433914005912738204527758409728.000000 -23939016903195883457414828339951640540299770931970048.000000 0.009965 0.001313 0.006042 0.000000000 1319018193.181135893 
660.808260918 1.203090 -3.772745 0.201257 -0.055182 -0.049797 1.013945 0.006414 -0.111217 0.006418 0.002816 -0.002076 -0.001810 2280873660296000745656388037913318028055025262939104190424741952094208.000000 907533346056485925678897188565163416256882344127664857827447440146432.000000 -39504650704560421707579659239277014045316667937394142731360039600128.000000 2.101083 -1.475734 -0.857780 4633974659739933214100243428289482226410988236701696.000000 -40074331607379830433940296861114966258918398969774080.000000 -19170611592149455518569571652995634752655426494398464.000000 0.023686 -0.000253 -0.009839 0.000000000 1319018200.425206900 
666.960856915 1.800054 -4.102494 0.280292 -0.037340 -0.063163 1.003509 -0.007268 -0.119531 0.002211 0.000344 0.002418 -0.001785 2280873660296000745656388037913318028055025262939104190424741952094208.000000 907533346056485925678897188565163416256882344127664857827447440146432.000000 -39504650704560421707579659239277014045316667937394142731360039600128.000000 2.052334 -1.419870 -0.661952 11084806681156405920059673497224907621228102327205888.000000 -58595328851321014907675764690855378295507129794035712.000000 2906202637397959301137315036827933876854056636383232.000000 0.025204 -0.001106 -0.007415 0.000000000 1319018206.577802896 
669.342545986 2.029991 -4.270673 0.295057 -0.036238 -0.057567 0.999038 0.004237 -0.124388 0.004331 -0.002169 0.002622 -0.001142 2280873660296000745656388037913318028055025262939104190424741952094208.000000 907533346056485925678897188565163416256882344127664857827447440146432.000000 -39504650704560421707579659239277014045316667937394142731360039600128.000000 2.077801 -1.402897 -0.626973 15455861292061931930714883959441694844369399934091264.000000 -45328624385312614147869267489563062834768594266488832.000000 -9682674018034641381931492566620870312137011851427840.000000 0.008763 -0.000638 -0.006336 0.000000000 1319018208.959491968 
671.525741100 2.262321 -4.410505 0.314845 -0.040819 -0.051936 0.996335 -0.009637 -0.119401 0.004210 -0.004045 -0.000352 -0.000682 2280873660296000745656388037913318028055025262939104190424741952094208.000000 907533346056485925678897188565163416256882344127664857827447440146432.000000 -39504650704560421707579659239277014045316667937394142731360039600128.000000 2.066798 -1.390045 -0.596385 2553885824501277998791880272305118159251074996764672.000000 -9960791594812964915233586780763808800180123901886464.000000 -3617474185328493453205451584273356226989423446720512.000000 0.025934 0.000659 -0.004800 0.000000000 1319018211.142687082 
678.869055986 2.956425 -4.948094 0.377748 -0.070268 -0.054725 0.991426 -0.000805 -0.116646 0.001020 -0.002009 -0.001488 -0.003059 2280873660296000745656388037913318028055025262939104190424741952094208.000000 907533346056485925678897188565163416256882344127664857827447440146432.000000 -39504650704560421707579659239277014045316667937394142731360039600128.000000 2.158427 -1.360309 -0.495580 -14511366514078949181607763175607241927362107009925120.000000 118604402902620911026143059504324258375392886360375296.000000 -23387060241228724868414138661973885511778123519098880.000000 0.047148 0.003985 -0.001522 0.000000000 1319018218.486001968 
681.250746965 3.186483 -5.102333 0.399538 -0.074666 -0.058769 0.984395 -0.002499 -0.122939 0.001160 -0.000148 -0.002039 -0.001326 2280873660296000745656388037913318028055025262939104190424741952094208.000000 907533346056485925678897188565163416256882344127664857827447440146432.000000 -39504650704560421707579659239277014045316667937394142731360039600128.000000 2.223894 -1.362321 -0.447689 4744793490825514141861086604251941380551451451850752.000000 -11094912870424896550670830795348393578724916170063872.000000 2577358078306668202421490228680451050332146448203776.000000 0.022981 -0.000102 -0.001800 0.000000000 1319018220.867692947 
690.777256966 4.142247 -5.772774 0.496359 -0.075431 -0.079081 0.973214 -0.000430 -0.121983 0.005037 0.000691 -0.003506 0.000429 2280873660296000745656388037913318028055025262939104190424741952094208.000000 907533346056485925678897188565163416256882344127664857827447440146432.000000 -39504650704560421707579659239277014045316667937394142731360039600128.000000 2.400170 -1.347909 -0.404039 -951564770605311697836417335573994796248995651911680.000000 4173214116832368660385275220352765926863412245037056.000000 -7027908428648303587741027753960266202634516665729024.000000 0.026165 -0.003055 0.000304 0.000000000 1319018230.394202948 
703.777055025 5.434034 -6.676348 0.680140 -0.067235 -0.124106 0.982273 0.005911 -0.118891 0.007801 0.004011 0.007703 0.003212 2280873660296000745656388037913318028055025262939104190424741952094208.000000 907533346056485925678897188565163416256882344127664857827447440146432.000000 -39504650704560421707579659239277014045316667937394142731360039600128.000000 2.856898 -1.319547 -0.523884 -5905678374659512992500874775745531504695007550373888.000000 -52743647927964929975319152570115903149725014820913152.000000 -50269448509154955069281493222449565180113840660021248.000000 0.025331 0.000694 -0.003280 0.000000000 1319018243.394001007 
708.540434122 5.912288 -6.973131 0.758170 -0.049758 -0.086457 0.995110 -0.007854 -0.115052 -0.000394 0.002832 0.010624 0.000467 2280873660296000745656388037913318028055025262939104190424741952094208.000000 907533346056485925678897188565163416256882344127664857827447440146432.000000 -39504650704560421707579659239277014045316667937394142731360039600128.000000 2.915940 -1.317840 -0.460228 -10936469429939400065154598177653466641107335927300096.000000 73866692643351723795529690864648421829522962411159552.000000 -34876733069424768462946575279798073699844121409093632.000000 0.052123 -0.004173 -0.005257 0.000000000 1319018248.157380104 
710.723505020 6.112900 -7.124895 0.768280 -0.043578 -0.063242 0.994974 0.001425 -0.118144 -0.004551 -0.001456 0.001184 -0.004005 2280873660296000745656388037913318028055025262939104190424741952094208.000000 907533346056485925678897188565163416256882344127664857827447440146432.000000 -39504650704560421707579659239277014045316667937394142731360039600128.000000 2.995853 -1.306239 -0.425241 -4329020152957842555966225593525249745060704043401216.000000 -73357703867229626834622559547566472880881643582128128.000000 -37109734188341567020621059552764416019175661969080320.000000 0.040039 0.003140 -0.005543 0.000000000 1319018250.340451002 
714.196792126 6.459946 -7.344470 0.770674 -0.047739 -0.059734 0.980874 -0.098636 0.027546 -0.021711 -0.006992 0.005901 -0.175704 2280873660296000745656388037913318028055025262939104190424741952094208.000000 907533346056485925678897188565163416256882344127664857827447440146432.000000 -39504650704560421707579659239277014045316667937394142731360039600128.000000 3.056629 -1.313425 -0.344102 -5066284675825939124466987253461941857517041547739136.000000 -20648055568337112779242266494548130110029228954091520.000000 -27010366556583641167534947573535109126977196518277120.000000 0.002305 -0.006170 -0.077144 0.000000000 1319018253.813738108 
720.547879934 5.977184 -7.763306 0.587459 -0.011685 -0.031621 -0.136366 -0.099703 0.037767 -0.012001 0.004126 -0.012530 -0.124913 2280873660296000745656388037913318028055025262939104190424741952094208.000000 907533346056485925678897188565163416256882344127664857827447440146432.000000 -39504650704560421707579659239277014045316667937394142731360039600128.000000 2.128916 -0.983690 0.652760 40059659804767866105917113548426339781902801634852864.000000 -33124962393186200530992602401003207474254597905711104.000000 21477363828102433686773370029019740088174092939689984.000000 -0.000335 -0.006358 -0.024317 0.000000000 1319018260.164825916 
723.326435089 5.718157 -7.622242 0.544148 0.011236 -0.068525 -0.483617 -0.023124 -0.114138 0.004640 -0.003265 -0.001687 -0.002733 2280873660296000745656388037913318028055025262939104190424741952094208.000000 907533346056485925678897188565163416256882344127664857827447440146432.000000 -39504650704560421707579659239277014045316667937394142731360039600128.000000 2.099600 -0.916727 0.686897 -120909539054524901641010385836201621055642112213561620463009855963136.000000 108404094164412010099546875602114154900503067071742921458768217636864.000000 -138266994217086777207652470630816826956452124263923209666203685486592.000000 -0.221721 -0.094365 0.017834 0.000000000 1319018262.943381071 
