#     1     2     3     4     5     6     7     8     9    10    11    12    13    14    15    16    17    18    19    20    21    22    23    24    25    26
#     t  gt_x  gt_y  gt_z  gt_ro gt_pi gt_ya gt_vx gt_vy gt_vz gt_vr gt_vp gt_vy od_x  od_y  od_z  od_ro od_pi od_ya od_vx od_vy od_vz od_vr od_vp od_vy od_failure ts
0.000000000 0.000000 0.000000 -0.000000 -0.000000 0.000000 -0.000000 -0.011297 -0.004647 0.000256 -0.002842 0.002232 -0.012223 0.000000 0.000000 0.000000 0.000000 -0.000000 0.000000 -0.008588 0.002257 -0.001888 0.000743 0.001109 -0.011863 0.000000000 1336386845.121745825 
3.374056101 -0.038118 -0.015678 0.000865 -0.009590 0.007531 -0.041240 -0.008423 -0.005185 0.029696 0.007047 -0.002453 -0.006259 -0.028976 0.007614 -0.006370 0.002507 0.003742 -0.040026 -0.007042 -0.004095 0.031505 0.007542 -0.003308 -0.006063 0.000000000 1336386848.495801926 
6.648874998 -0.065606 -0.030605 0.098479 0.013337 -0.000700 -0.061659 0.015370 0.016203 0.138291 -0.010280 -0.006535 0.002806 -0.052180 -0.005137 0.096856 0.027130 -0.007043 -0.059907 0.001466 0.001004 0.140553 -0.019089 0.001760 0.000977 0.000000000 1336386851.770620823 
7.938954115 -0.044798 -0.013332 0.277162 0.000073 -0.009178 -0.058151 0.003364 -0.019528 0.133893 -0.001768 0.006764 -0.001819 -0.051783 -0.008791 0.278158 0.002494 -0.004807 -0.058586 0.004421 -0.011912 0.133631 0.003391 0.005989 -0.000602 0.000000000 1336386853.060699940 
9.625983000 -0.043117 -0.046446 0.503083 -0.002881 0.002233 -0.061219 0.005156 0.010671 0.025337 -0.012112 -0.000051 0.003409 -0.046629 -0.029787 0.503580 0.008219 0.005299 -0.059576 0.004236 0.009005 0.025116 -0.013205 0.000846 0.003419 0.000000000 1336386854.747728825 
11.908432007 -0.029741 -0.022697 0.560816 -0.030509 0.002140 -0.053438 -0.002599 -0.006381 -0.012931 0.003756 -0.001913 0.002952 -0.035477 -0.010335 0.561022 -0.021880 0.007166 -0.051756 0.001093 -0.004071 -0.012124 0.005281 -0.004511 0.003293 0.000000000 1336386857.030177832 
14.190882206 -0.036554 -0.037812 0.531772 -0.021921 -0.002018 -0.046570 -0.042497 0.003487 -0.013896 0.018170 0.003294 -0.064654 -0.033695 -0.020337 0.533543 -0.009771 -0.002964 -0.044018 -0.043562 0.000166 -0.014074 0.015809 0.003655 -0.064317 0.000000000 1336386859.312628031 
16.771042109 -0.145629 -0.024512 0.495507 0.025600 0.002867 -0.213530 -0.097240 0.035573 -0.024108 0.018791 0.007763 -0.165841 -0.145871 -0.015322 0.496895 0.031642 0.004894 -0.210047 -0.099687 0.022041 -0.020501 0.009210 0.006685 -0.167107 0.000000000 1336386861.892787933 
18.358835220 -0.284449 0.064368 0.459129 0.053813 0.021753 -0.476479 -0.115688 0.000212 -0.025309 0.007805 0.004892 -0.174120 -0.293315 0.052929 0.466242 0.043883 0.023629 -0.474955 -0.108788 0.018128 -0.032555 0.020781 0.004706 -0.172464 0.000000000 1336386863.480581045 
20.045862198 -0.457444 0.156646 0.420769 0.058401 0.044641 -0.769613 -0.078814 0.024391 -0.037532 0.026856 0.005461 -0.146105 -0.442534 0.166725 0.417067 0.070334 0.043156 -0.765525 -0.076493 0.021927 -0.039332 0.025899 0.003657 -0.146278 0.000000000 1336386865.167608023 
22.626022100 -0.558673 0.350077 0.336936 0.107203 0.077080 -1.146162 -0.044596 0.013672 -0.017949 0.013883 -0.001217 -0.081523 -0.543683 0.352096 0.328416 0.116354 0.075452 -1.142361 -0.046050 0.011118 -0.018847 0.012159 -0.000818 -0.081712 0.000000000 1336386867.747767925 
25.900840998 -0.574070 0.507450 0.294691 0.128551 0.098627 -1.413336 -0.001991 -0.031040 -0.005454 0.000473 0.004272 -0.025954 -0.568532 0.510796 0.282869 0.132129 0.100822 -1.409812 -0.004143 -0.032320 -0.006444 -0.000199 0.005516 -0.026064 0.000000000 1336386871.022586823 
30.366503000 -0.708792 0.499201 0.253846 0.118714 0.131746 -1.526782 0.007978 -0.042892 -0.001992 0.002496 -0.002970 0.004542 -0.709730 0.511363 0.237430 0.119071 0.139907 -1.522994 0.006879 -0.045239 -0.003109 0.001379 -0.002080 0.004517 0.000000000 1336386875.488248825 
34.534455061 -0.883869 0.462364 0.220316 0.131402 0.117192 -1.509334 -0.053323 -0.186968 -0.009871 -0.006455 -0.011137 -0.054393 -0.894076 0.479044 0.198512 0.127287 0.129040 -1.505184 -0.046669 -0.185222 -0.010838 -0.004317 -0.014615 -0.053219 0.000000000 1336386879.656200886 
35.824535131 -1.125391 0.521130 0.184434 0.114352 0.111833 -1.581229 -0.025394 -0.191883 -0.019627 0.002277 0.013125 -0.055601 -1.133100 0.528874 0.162424 0.112295 0.118723 -1.576171 -0.024242 -0.183023 -0.021291 0.008441 0.013029 -0.053959 0.000000000 1336386880.946280956 
37.114615202 -1.368014 0.562180 0.135023 0.109226 0.136562 -1.651195 -0.021405 -0.173749 -0.024189 -0.001561 -0.004987 -0.021716 -1.364445 0.567538 0.112753 0.114899 0.142951 -1.644140 -0.014063 -0.166953 -0.023677 0.003228 -0.008939 -0.020569 0.000000000 1336386882.236361027 
38.603169203 -1.617131 0.622659 0.075971 0.102322 0.132632 -1.684428 -0.034388 -0.208629 -0.011989 -0.001269 0.006653 -0.052128 -1.604449 0.615020 0.052880 0.115064 0.133168 -1.676365 -0.034726 -0.203966 -0.012928 0.002277 0.006929 -0.051076 0.000000000 1336386883.724915028 
39.794012070 -1.856037 0.696046 0.042155 0.092481 0.146601 -1.746028 -0.002579 -0.184782 -0.019585 0.003003 -0.003098 0.000226 -1.837710 0.686719 0.015573 0.109595 0.148106 -1.736494 0.003406 -0.178060 -0.018126 0.007571 -0.006515 0.001327 0.000000000 1336386884.915757895 
41.183329105 -2.103361 0.750969 -0.007578 0.096641 0.142287 -1.746113 0.038942 -0.141519 -0.005294 -0.017049 0.000473 0.049749 -2.077028 0.729789 -0.036645 0.120243 0.138907 -1.735643 0.039131 -0.142477 -0.004532 -0.016991 0.000486 0.051125 0.000000000 1336386886.305074930 
42.870357037 -2.347055 0.732689 -0.048498 0.079491 0.134492 -1.661737 -0.008592 -0.226637 0.001448 0.000975 0.009170 -0.007232 -2.321416 0.709278 -0.081857 0.103090 0.128876 -1.649201 -0.003948 -0.227235 0.003480 0.001399 0.006449 -0.007067 0.000000000 1336386887.992102861 
44.061200142 -2.613956 0.769863 -0.066660 0.079609 0.146057 -1.669538 0.017688 -0.192940 -0.000378 -0.011989 -0.013592 0.037417 -2.589575 0.738081 -0.104781 0.103773 0.137378 -1.656853 0.018522 -0.201974 0.002467 -0.016480 -0.013681 0.037817 0.000000000 1336386889.182945967 
45.351281166 -2.862763 0.774791 -0.090046 0.070919 0.124581 -1.622458 0.012115 -0.155701 -0.000389 -0.005014 0.017973 -0.011727 -2.849860 0.740053 -0.131653 0.088850 0.114621 -1.609858 0.014508 -0.158699 0.001085 -0.006547 0.016899 -0.011139 0.000000000 1336386890.473026991 
47.038309097 -3.125302 0.770458 -0.111703 0.060269 0.156208 -1.640252 -0.021128 -0.164141 -0.022634 0.014595 -0.013979 -0.025758 -3.117344 0.728684 -0.156242 0.075959 0.144669 -1.626209 -0.019448 -0.158211 -0.024682 0.018032 -0.014115 -0.024014 0.000000000 1336386892.160054922 
48.427626133 -3.347994 0.822054 -0.151711 0.074724 0.138870 -1.677495 -0.206893 0.019542 0.003349 0.002214 0.023682 -0.334237 -3.331693 0.774697 -0.202688 0.095930 0.127558 -1.661242 -0.205186 0.021275 -0.000992 0.003797 0.023101 -0.333880 0.000000000 1336386893.549371958 
49.618470192 -3.299315 1.061445 -0.111947 0.017392 0.185102 -2.079143 -0.031252 -0.042210 -0.005256 0.037674 0.000769 -0.125627 -3.284589 1.013619 -0.170364 0.043513 0.182181 -2.060879 -0.004613 -0.045046 0.000579 0.039637 -0.012948 -0.122782 0.000000000 1336386894.740216017 
52.099393129 -3.352156 1.181258 -0.112282 0.052602 0.183322 -2.396224 0.073792 0.019029 0.116821 -0.021706 -0.001356 -0.050567 -3.377562 1.076680 -0.171660 0.084645 0.154627 -2.370308 0.072983 0.022849 0.116811 -0.019542 -0.000223 -0.050465 0.000000000 1336386897.221138954 
53.885658026 -3.459967 1.050488 0.070340 -0.003114 0.184889 -2.488122 0.119613 -0.039044 0.216367 0.005166 0.006790 -0.019073 -3.477210 0.947689 0.017099 0.035393 0.161212 -2.461345 0.103019 -0.014153 0.198509 0.021981 0.022368 -0.015461 0.000000000 1336386899.007403851 
54.878027201 -3.607114 0.985776 0.259692 -0.001535 0.191535 -2.507423 -0.038182 -0.000280 0.003960 0.022090 -0.008644 -0.048669 -3.593376 0.880726 0.194516 0.054836 0.183921 -2.476139 -0.029746 -0.003588 0.010158 0.019651 -0.015620 -0.048503 0.000000000 1336386899.999773026 
57.358950138 -3.534110 1.040316 0.287371 0.030025 0.168501 -2.629848 -0.072213 0.050435 0.013686 0.004175 0.023638 -0.248346 -3.546193 0.930814 0.232273 0.080658 0.150427 -2.599742 -0.094710 0.045268 0.002523 -0.003067 0.038906 -0.253309 0.000000000 1336386902.480695963 
58.748268127 -3.416943 1.026447 0.325007 -0.023670 0.201456 -2.980872 -0.017515 -0.014851 0.002275 0.022524 -0.065330 -0.054352 -3.403648 0.943779 0.260456 0.019448 0.222975 -2.954464 -0.019457 0.009034 -0.004844 0.037655 -0.061283 -0.050142 0.000000000 1336386903.870013952 
60.435296059 -3.393234 1.055573 0.335259 -0.003589 0.088315 -3.069715 0.228768 0.006937 0.033669 0.003234 0.005578 -0.004219 -3.367621 0.934931 0.260034 0.063740 0.120421 -3.041231 0.096582 -0.015891 -0.024096 -0.009683 0.108659 -0.014004 0.000000000 1336386905.557041883 
61.526902199 -3.644021 1.029792 0.349816 -0.000469 0.094386 -3.074363 -0.088469 -0.098491 -0.035126 -0.008960 0.006121 0.006797 -3.470057 0.940331 0.220213 0.052672 0.239762 -3.049066 -0.010913 -0.105932 0.002486 -0.015856 -0.054685 0.008078 0.000000000 1336386906.648648024 
63.015456200 -3.518153 1.185233 0.310242 -0.012849 0.103498 -3.064196 -0.076032 -0.060090 -0.000538 -0.013494 0.019183 -0.007535 -3.467823 1.098877 0.219596 0.031098 0.157832 -3.041282 -0.058593 -0.036481 0.004983 0.000278 0.006029 0.000350 0.000000000 1336386908.137202024 
65.099432230 -3.370756 1.322271 0.327096 -0.042670 0.143256 -3.080565 -0.151161 -0.054268 0.030473 0.020899 0.028098 -0.007608 -3.356736 1.186755 0.246704 0.031858 0.170367 -3.040146 -0.121494 -0.080411 0.045597 0.004127 0.002096 -0.014636 0.000000000 1336386910.221178055 
66.488749027 -3.174253 1.407935 0.402127 -0.015440 0.181795 -3.092986 -0.046690 -0.106683 -0.009096 -0.003304 0.003481 -0.023404 -3.212833 1.315669 0.334214 0.034103 0.173890 -3.060687 -0.049121 -0.111606 -0.010369 -0.006867 0.005151 -0.023682 0.000000000 1336386911.610494852 
68.473487139 -3.090851 1.624234 0.404342 -0.030544 0.187788 -3.140372 -0.045546 -0.232500 -0.015660 0.036090 0.008793 -0.019422 -3.130110 1.543779 0.323386 0.012232 0.185517 -3.108126 -0.034570 -0.232675 -0.012081 0.037356 -0.000327 -0.019054 0.000000000 1336386913.595232964 
69.565094233 -3.040574 1.878498 0.404452 0.004769 0.196690 3.120907 -0.060086 -0.026940 0.002507 -0.004309 0.000007 -0.048333 -3.098530 1.798787 0.314332 0.049104 0.185374 -3.129291 -0.058879 -0.026595 0.002666 -0.003714 -0.001088 -0.047964 0.000000000 1336386914.686840057 
72.542201996 -2.864903 1.955119 0.446355 -0.036678 0.195337 2.974207 -0.185780 -0.037557 -0.016657 0.018152 0.015983 -0.251911 -2.927978 1.880361 0.350611 0.010852 0.187215 3.008558 -0.182739 -0.038161 -0.017411 0.019033 0.013217 -0.251075 0.000000000 1336386917.663947821 
73.832282066 -2.621108 1.963830 0.473551 -0.074637 0.193838 2.642275 -0.213734 -0.076359 -0.043956 0.029234 -0.005269 -0.296077 -2.687656 1.897620 0.371896 -0.025575 0.197851 2.678232 -0.211703 -0.073768 -0.045559 0.032446 -0.006409 -0.294575 0.000000000 1336386918.954027891 
74.923889160 -2.371561 1.926480 0.477640 -0.100609 0.154396 2.316448 -0.094949 -0.133621 -0.067817 0.044342 0.013762 -0.158525 -2.440032 1.865307 0.370594 -0.051899 0.172556 2.351956 -0.087730 -0.126326 -0.070158 0.051703 0.010199 -0.156781 0.000000000 1336386920.045634985 
76.313206196 -2.132649 1.953971 0.423722 -0.070659 0.147696 2.092937 -0.088367 -0.068264 -0.041146 0.005101 0.000170 -0.124895 -2.216770 1.896253 0.304597 -0.016579 0.171362 2.130407 -0.088950 -0.067457 -0.042394 0.006130 0.000698 -0.124240 0.000000000 1336386921.434952021 
78.297945023 -1.918716 1.864719 0.378420 -0.094704 0.126197 1.843636 -0.045217 -0.020828 -0.015516 0.010085 0.011621 -0.122179 -2.002380 1.808798 0.253992 -0.046109 0.163470 1.880431 -0.045338 -0.020855 -0.016569 0.010205 0.011697 -0.122204 0.000000000 1336386923.419690847 
81.274927139 -1.817722 1.749068 0.355561 -0.103763 0.118640 1.475633 0.062231 -0.025800 0.003710 -0.010921 -0.003027 0.023890 -1.898265 1.694358 0.230166 -0.071691 0.170974 1.509892 0.065512 -0.023739 0.004340 -0.009445 -0.005014 0.024341 0.000000000 1336386926.396672964 
84.152799129 -1.728203 1.921342 0.352545 -0.126696 0.116805 1.545392 -0.009130 -0.085510 -0.014350 0.007261 -0.022137 0.004951 -1.819655 1.878652 0.215187 -0.086487 0.161161 1.581724 -0.012293 -0.087021 -0.014595 0.006882 -0.020003 0.005425 0.000000000 1336386929.274544954 
86.534486055 -1.522497 1.893558 0.346965 -0.107415 0.065975 1.563772 -0.002583 -0.081844 0.010969 0.002419 0.008445 -0.002714 -1.609837 1.849360 0.203374 -0.067437 0.114791 1.598808 -0.002481 -0.082982 0.011807 0.002329 0.008535 -0.002046 0.000000000 1336386931.656231880 
88.916172028 -1.331520 1.889168 0.394140 -0.102238 0.085277 1.555160 0.041231 -0.115835 -0.028996 -0.002852 -0.000782 0.025134 -1.414589 1.853699 0.245152 -0.062622 0.134742 1.592520 0.044201 -0.116528 -0.028560 -0.002703 -0.002517 0.025662 0.000000000 1336386934.037917852 
90.702437162 -1.119321 1.956651 0.357571 -0.103399 0.088381 1.600140 0.038514 -0.048276 0.023043 -0.012639 -0.000220 0.050600 -1.205293 1.931413 0.196999 -0.061148 0.132978 1.638961 0.038622 -0.050369 0.023374 -0.013773 -0.000056 0.051014 0.000000000 1336386935.824182987 
93.778782129 -0.982663 2.086312 0.432616 -0.127348 0.102649 1.755863 -0.002357 -0.128660 -0.030714 -0.001368 0.013296 -0.000358 -1.064128 2.069886 0.261769 -0.081874 0.140718 1.797190 0.001569 -0.131196 -0.030337 -0.002392 0.010789 0.000482 0.000000000 1336386938.900527954 
95.664283037 -0.737603 2.124914 0.406579 -0.130365 0.127429 1.751977 -0.029952 -0.105051 -0.031257 0.012322 -0.004900 -0.012824 -0.818818 2.124103 0.224940 -0.086508 0.161067 1.796423 -0.022249 -0.105909 -0.031302 0.012280 -0.009697 -0.012465 0.000000000 1336386940.786028862 
97.847496033 -0.492643 2.098959 0.377349 -0.106798 0.113138 1.725441 0.017725 -0.089493 0.012127 -0.005279 0.007676 0.013789 -0.576092 2.122709 0.185246 -0.063783 0.137573 1.770907 0.020857 -0.094477 0.012445 -0.008279 0.005876 0.014134 0.000000000 1336386942.969241858 
100.526894093 -0.268763 2.188231 0.429487 -0.116964 0.137457 1.760303 -0.005036 -0.156745 -0.006882 0.001578 -0.011744 -0.027735 -0.342940 2.233396 0.226528 -0.080824 0.155604 1.808142 -0.005588 -0.161899 -0.005097 -0.001412 -0.011169 -0.026453 0.000000000 1336386945.648639917 
102.114685059 -0.023735 2.229702 0.448602 -0.120108 0.113681 1.718482 -0.009337 -0.119412 -0.025204 -0.000590 0.009982 -0.024209 -0.091666 2.287184 0.240438 -0.089333 0.134410 1.767348 -0.006242 -0.125040 -0.024237 -0.003769 0.008352 -0.023127 0.000000000 1336386947.236430883 
104.198660135 0.230077 2.245355 0.428624 -0.127207 0.128133 1.665475 0.005319 -0.041602 -0.008903 0.005498 -0.007042 -0.003227 0.170523 2.322550 0.215365 -0.103802 0.147283 1.717255 0.006075 -0.043538 -0.008624 0.004337 -0.007433 -0.002984 0.000000000 1336386949.320405960 
106.878057003 0.341941 2.268954 0.417361 -0.113290 0.108318 1.659257 0.086364 0.016134 0.029508 -0.015045 0.007543 0.128666 0.285560 2.354180 0.202198 -0.093071 0.126642 1.711321 0.091026 0.011732 0.032288 -0.018642 0.005877 0.128822 0.000000000 1336386951.999802828 
109.259744167 0.277306 2.475618 0.460225 -0.111349 0.155320 1.965295 0.077187 0.003503 0.029032 -0.019558 0.001019 0.165275 0.219507 2.571472 0.248194 -0.094826 0.162779 2.019576 0.078670 0.002628 0.029639 -0.020579 0.000222 0.164966 0.000000000 1336386954.381489992 
112.038378000 0.173958 2.675367 0.505184 -0.084739 0.191275 2.430249 0.017091 0.008542 0.038191 -0.020287 0.009174 0.152364 0.106629 2.771152 0.292989 -0.069475 0.188392 2.484532 0.015077 0.015663 0.036943 -0.015623 0.007024 0.152646 0.000000000 1336386957.160123825 
116.504041195 0.058952 2.705251 0.654342 -0.033901 0.242315 3.126835 -0.000125 -0.085212 0.017966 0.004974 0.003942 0.027303 -0.019039 2.765500 0.437275 -0.003050 0.220826 -3.101991 -0.003317 -0.090843 0.020470 0.001081 0.006440 0.027144 0.000000000 1336386961.625787020 
118.885727167 0.050303 2.906782 0.702606 -0.005966 0.253383 -3.089545 -0.023999 -0.156807 -0.013049 -0.013145 -0.004746 -0.015618 -0.030711 2.981418 0.487219 0.014073 0.235890 -3.035556 -0.024432 -0.169015 -0.009761 -0.022383 -0.004613 -0.016256 0.000000000 1336386964.007472992 
120.473518133 0.078998 3.157710 0.693540 -0.033232 0.245620 -3.115064 -0.020104 -0.117407 -0.011322 0.020203 0.001949 -0.011882 -0.017102 3.252497 0.477546 -0.027688 0.228850 -3.062161 -0.018080 -0.129467 -0.013031 0.011511 0.000135 -0.012237 0.000000000 1336386965.595263958 
122.557494164 0.116870 3.404125 0.688739 0.002638 0.248778 -3.140738 -0.014247 -0.136256 -0.011695 0.010146 0.004466 -0.007107 0.002466 3.525365 0.466929 -0.009629 0.228348 -3.088340 -0.010921 -0.145622 -0.013518 0.003838 0.001875 -0.006581 0.000000000 1336386967.679239988 
124.442996025 0.148282 3.661004 0.673324 0.018362 0.257212 3.128615 0.062597 -0.002138 0.012668 -0.015299 0.004889 0.090023 0.013032 3.801121 0.449341 -0.005286 0.231746 -3.101124 0.064400 0.000367 0.012377 -0.013917 0.003347 0.090296 0.000000000 1336386969.564741850 
127.717815161 -0.060369 3.671474 0.661167 0.044018 0.256503 -2.849250 0.107079 -0.002929 0.029600 -0.040985 0.006787 0.167343 -0.201303 3.791025 0.440344 0.018215 0.233992 -2.796962 0.103912 0.008955 0.030719 -0.032101 0.005929 0.168464 0.000000000 1336386972.839560986 
130.000265121 -0.305852 3.607671 0.664164 0.044799 0.236698 -2.455441 0.090339 -0.009961 0.027829 -0.020150 -0.000398 0.154379 -0.427354 3.689526 0.453907 0.032960 0.223280 -2.401962 0.092101 -0.005912 0.028181 -0.017918 -0.002686 0.155131 0.000000000 1336386975.122010946 
132.381951094 -0.496394 3.486108 0.677045 0.079909 0.203657 -2.080060 0.097019 0.003531 0.022276 -0.011881 0.005000 0.153119 -0.607248 3.547435 0.470299 0.069501 0.189780 -2.025853 0.100103 0.003606 0.022505 -0.012608 0.002644 0.153211 0.000000000 1336386977.503696918 
134.862875223 -0.613045 3.268339 0.682999 0.120894 0.171788 -1.694454 0.035622 -0.024704 0.006425 -0.008460 0.004031 0.043199 -0.714576 3.316602 0.478759 0.104113 0.156943 -1.641261 0.035169 -0.022558 0.006757 -0.006960 0.003763 0.043290 0.000000000 1336386979.984621048 
139.328536034 -0.744808 3.124160 0.670762 0.114212 0.163297 -1.498141 0.008068 -0.083626 -0.015478 -0.003399 0.000766 0.005002 -0.828782 3.166093 0.473515 0.101568 0.150726 -1.444998 0.009740 -0.082294 -0.016124 -0.002152 -0.000325 0.005549 0.000000000 1336386984.450281858 
142.107171059 -0.969373 3.096917 0.598829 0.107071 0.163812 -1.483899 -0.020227 -0.129576 -0.006792 0.010557 -0.010814 -0.017963 -1.047885 3.121670 0.402463 0.097893 0.148248 -1.429580 -0.017275 -0.127164 -0.008142 0.013030 -0.012521 -0.017062 0.000000000 1336386987.228916883 
143.893436193 -1.200960 3.118547 0.568416 0.120287 0.147940 -1.518237 -0.001807 -0.093416 -0.000771 -0.000319 0.021296 -0.011876 -1.275346 3.125631 0.370748 0.116297 0.128888 -1.462362 0.008418 -0.099723 -0.004228 -0.003784 0.013838 -0.011729 0.000000000 1336386989.015182018 
145.878175020 -1.384960 3.115927 0.545438 0.116990 0.192704 -1.536891 -0.013961 -0.149208 -0.032092 -0.007873 -0.027437 -0.021620 -1.468452 3.091989 0.337559 0.106214 0.158842 -1.482543 -0.022499 -0.153274 -0.026762 -0.009990 -0.021339 -0.020841 0.000000000 1336386990.999920845 
147.465965033 -1.615418 3.144877 0.472872 0.096921 0.153294 -1.576504 0.017557 -0.122640 -0.007936 0.003681 0.006294 0.012852 -1.709076 3.116916 0.276014 0.084522 0.128552 -1.519326 0.020265 -0.121005 -0.008339 0.005695 0.004624 0.013812 0.000000000 1336386992.587710857 
149.351467133 -1.844273 3.119158 0.430983 0.107747 0.162713 -1.550900 0.002346 -0.189528 -0.015818 -0.011843 -0.001862 -0.011413 -1.933070 3.071916 0.236476 0.098685 0.134996 -1.492396 -0.007488 -0.187685 -0.009824 -0.009852 0.005159 -0.009498 0.000000000 1336386994.473212957 
150.542311192 -2.066676 3.118942 0.388100 0.091377 0.161954 -1.564833 0.007174 -0.130265 -0.002317 -0.007378 -0.010402 0.008892 -2.154701 3.067912 0.204320 0.085501 0.142215 -1.503154 0.002029 -0.134852 -0.002892 -0.010089 -0.006688 0.009628 0.000000000 1336386995.664057016 
152.328575134 -2.297959 3.109005 0.361011 0.080505 0.141986 -1.550570 0.019640 -0.124653 0.010774 0.005143 0.002245 0.037842 -2.393717 3.051778 0.178348 0.069778 0.128825 -1.486905 0.021150 -0.110868 0.008974 0.015287 0.000864 0.039832 0.000000000 1336386997.450320959 
154.214076996 -2.533072 3.067393 0.357104 0.100200 0.140107 -1.478401 -0.010263 -0.136015 -0.000554 -0.016761 0.005299 -0.009962 -2.599354 2.994501 0.175511 0.108110 0.124854 -1.411282 -0.012325 -0.142353 0.001167 -0.020972 0.006772 -0.009362 0.000000000 1336386999.335822821 
156.000343084 -2.775683 3.066690 0.334623 0.067883 0.151286 -1.495353 -0.008479 -0.153660 -0.019136 0.009342 -0.003049 -0.009231 -2.853134 2.978997 0.153086 0.068719 0.138670 -1.426749 -0.007733 -0.158152 -0.017968 0.006326 -0.003517 -0.008322 0.000000000 1336387001.122088909 
157.687370062 -3.033027 3.068946 0.287554 0.081215 0.147191 -1.511412 -0.040457 -0.251426 -0.014281 -0.009886 0.008875 -0.054384 -3.117313 2.960515 0.106794 0.077375 0.133700 -1.441293 -0.038822 -0.250492 -0.014596 -0.008941 0.008568 -0.051680 0.000000000 1336387002.809115887 
158.679740191 -3.282782 3.098930 0.259447 0.063411 0.160137 -1.565174 0.016120 -0.129186 -0.004898 -0.002279 -0.011653 0.025550 -3.367475 2.970965 0.078574 0.061607 0.145969 -1.492308 0.015229 -0.126256 -0.005334 -0.000325 -0.010598 0.027050 0.000000000 1336387003.801486015 
160.565241098 -3.525138 3.071494 0.230265 0.066570 0.134983 -1.518072 -0.014602 -0.138461 0.024348 -0.004874 0.010733 -0.029309 -3.601784 2.927644 0.049965 0.068209 0.122705 -1.442268 -0.014553 -0.128731 0.019681 0.001957 0.011740 -0.027480 0.000000000 1336387005.686986923 
162.252145052 -3.761702 3.080022 0.258792 0.051727 0.156178 -1.566784 -0.012725 0.006683 0.004877 -0.015815 -0.013478 -0.013635 -3.821728 2.921524 0.071154 0.065903 0.145497 -1.487637 -0.015113 0.008152 0.004332 -0.014961 -0.011646 -0.013635 0.000000000 1336387007.373890877 
163.939173222 -3.750948 3.099903 0.270823 0.021255 0.134613 -1.591147 -0.024271 -0.025548 0.008185 0.003556 -0.001295 -0.032898 -3.810529 2.946579 0.082961 0.037113 0.127364 -1.512077 -0.022509 -0.011922 0.001922 0.013328 -0.000440 -0.030726 0.000000000 1336387009.060919046 
166.817044020 -3.823592 3.167661 0.301986 0.018587 0.132290 -1.686719 -0.040358 0.022096 -0.028576 0.011885 0.010213 -0.062526 -3.848702 3.008157 0.095408 0.064014 0.128874 -1.601231 -0.037700 0.010935 -0.025765 0.004634 0.007355 -0.063199 0.000000000 1336387011.938789845 
169.496441126 -3.749834 3.277008 0.241456 0.027965 0.160889 -1.855848 -0.102645 0.016883 -0.018490 0.023411 0.006882 -0.147256 -3.811751 3.115870 0.041928 0.053812 0.157497 -1.771027 -0.100849 0.013961 -0.021614 0.021957 0.005923 -0.146792 0.000000000 1336387014.618186951 
171.778890133 -3.644854 3.494088 0.238410 0.026227 0.176733 -2.196831 -0.086710 0.027286 -0.039526 0.016406 0.004884 -0.137852 -3.731269 3.339114 0.031071 0.048688 0.179876 -2.110457 -0.083998 0.024800 -0.041030 0.015442 0.002604 -0.138042 0.000000000 1336387016.900635958 
174.259814024 -3.453933 3.638252 0.181478 0.005435 0.187293 -2.544678 -0.087197 0.023419 -0.033186 0.024706 0.001229 -0.145618 -3.559873 3.496028 -0.028730 0.023051 0.192122 -2.458840 -0.094404 0.016729 -0.037811 0.019561 0.003887 -0.146486 0.000000000 1336387019.381559849 
176.740737200 -3.232603 3.717882 0.141178 -0.000563 0.180034 -2.912135 -0.056105 0.025669 -0.031492 0.013772 0.005251 -0.092337 -3.340214 3.618393 -0.075126 0.000861 0.197246 -2.829426 -0.049801 0.026639 -0.029729 0.015121 0.001234 -0.091564 0.000000000 1336387021.862483025 
179.618607998 -3.045311 3.685821 0.080883 -0.008803 0.188596 3.100422 0.017087 -0.011601 0.001382 -0.011862 -0.000259 0.014537 -3.166953 3.593674 -0.130871 -0.007698 0.194123 -3.098099 0.017214 -0.009258 0.001627 -0.010499 -0.000354 0.014688 0.000000000 1336387024.740353823 
183.091902018 -3.102867 3.728476 0.074820 -0.040359 0.187896 -3.131360 0.014624 -0.075842 0.000402 -0.003457 0.000618 0.013349 -3.228098 3.623155 -0.136617 -0.034131 0.193029 -3.046109 0.011803 -0.079070 -0.000347 -0.004613 0.002452 0.012805 0.000000000 1336387028.213647842 
185.969774008 -3.148302 3.946061 0.076745 -0.042992 0.191084 -3.092335 -0.026012 -0.214978 -0.010390 0.051057 -0.006552 -0.021666 -3.284259 3.846273 -0.136493 -0.040221 0.201209 -3.008766 -0.020356 -0.197741 -0.010265 0.061791 -0.009888 -0.019493 0.000000000 1336387031.091519833 
187.160616159 -3.130288 4.203560 0.081294 0.012909 0.182118 -3.118204 -0.024764 -0.147480 -0.004372 -0.036611 0.003586 -0.026338 -3.291399 4.083194 -0.134339 0.028747 0.188458 -3.031895 -0.024739 -0.145027 -0.004176 -0.034660 0.003520 -0.025623 0.000000000 1336387032.282361984 
188.847643137 -3.093112 4.453184 0.078449 -0.057042 0.188559 3.119831 -0.044951 -0.072221 -0.009055 0.015082 0.000751 -0.063374 -3.274779 4.330862 -0.140345 -0.037968 0.195459 -3.075769 -0.042765 -0.069929 -0.009064 0.016916 -0.000530 -0.062836 0.000000000 1336387033.969388962 
191.130094051 -2.986645 4.616657 0.086644 -0.049465 0.180066 2.972929 -0.116674 0.008241 -0.010964 0.022754 0.007688 -0.186450 -3.186947 4.497280 -0.135725 -0.027194 0.186799 3.061592 -0.114573 0.006288 -0.011846 0.022276 0.005838 -0.186185 0.000000000 1336387036.251839876 
193.313306093 -2.738035 4.557294 0.107869 -0.067710 0.162386 2.559794 -0.103079 0.023984 -0.048615 0.025011 0.008576 -0.184684 -2.938134 4.464270 -0.115041 -0.050990 0.173392 2.648363 -0.097668 0.023914 -0.050418 0.026224 0.005548 -0.184391 0.000000000 1336387038.435051918 
195.496518135 -2.562472 4.387883 0.036255 -0.071841 0.141395 2.151956 -0.085906 0.022599 -0.034941 0.016293 0.004656 -0.147002 -2.758057 4.314644 -0.189155 -0.058105 0.151549 2.240768 -0.080439 0.025567 -0.036992 0.018933 0.002391 -0.146836 0.000000000 1336387040.618263960 
198.076679230 -2.477921 4.165009 -0.025677 -0.077245 0.116717 1.770066 -0.035947 -0.028971 -0.024106 0.011918 0.002908 -0.054738 -2.668639 4.104646 -0.255802 -0.061410 0.125445 1.859049 -0.033918 -0.028710 -0.025229 0.012433 0.001824 -0.054364 0.000000000 1336387043.198425055 
201.450735092 -2.350698 4.059070 -0.084603 -0.057259 0.110332 1.584030 0.025933 -0.095381 0.006091 -0.014528 0.005672 0.019091 -2.535845 4.015280 -0.319880 -0.041418 0.118277 1.674287 0.026990 -0.093937 0.005513 -0.013194 0.005326 0.019765 0.000000000 1336387046.572480917 
203.832421064 -2.125605 4.126468 -0.064088 -0.086857 0.126311 1.629005 -0.055316 -0.189363 -0.015317 0.007866 -0.014356 -0.050360 -2.320913 4.104434 -0.305238 -0.067266 0.132771 1.721203 -0.048852 -0.189285 -0.016380 0.009275 -0.017536 -0.048858 0.000000000 1336387048.954166889 
205.122501135 -1.876826 4.070242 -0.053603 -0.084538 0.101976 1.565573 0.027223 -0.103245 -0.018768 -0.000686 0.009152 0.024836 -2.069165 4.078780 -0.301524 -0.063356 0.105715 1.659510 0.027603 -0.103113 -0.019245 -0.000050 0.009114 0.025541 0.000000000 1336387050.244246960 
207.404951096 -1.638091 4.128489 -0.082597 -0.080381 0.127420 1.620725 -0.038485 -0.174085 0.006763 -0.009599 -0.014785 -0.027548 -1.837720 4.159198 -0.336948 -0.057334 0.129993 1.716841 -0.029900 -0.180652 0.007518 -0.011548 -0.018971 -0.026346 0.000000000 1336387052.526696920 
208.893505096 -1.378281 4.088502 -0.044726 -0.099622 0.102093 1.581425 0.026190 -0.193080 -0.008121 0.008208 -0.004286 0.035524 -1.566823 4.157921 -0.304821 -0.079394 0.099462 1.679137 0.029151 -0.190490 -0.008740 0.010425 -0.005534 0.037014 0.000000000 1336387054.015250921 
210.183585167 -1.129773 4.126219 -0.033895 -0.084202 0.101038 1.627813 0.032671 -0.181038 -0.003759 -0.021757 0.022684 0.001670 -1.326532 4.222523 -0.300346 -0.061051 0.096015 1.727526 0.029150 -0.184495 -0.002351 -0.022602 0.024420 0.002632 0.000000000 1336387055.305330992 
211.572903156 -0.881778 4.187218 -0.022606 -0.114506 0.132636 1.627471 0.023749 -0.184452 -0.012501 0.007769 -0.021552 0.044019 -1.080104 4.303479 -0.291906 -0.092335 0.130102 1.729117 0.027630 -0.194466 -0.010132 0.003416 -0.023158 0.044924 0.000000000 1336387056.694648981 
212.962219000 -0.627564 4.235992 -0.015049 -0.094995 0.109599 1.692014 0.044240 -0.189199 -0.002471 -0.031055 0.014081 0.039841 -0.819387 4.385080 -0.286083 -0.078954 0.103540 1.794555 0.039104 -0.186305 -0.001979 -0.028832 0.016775 0.040836 0.000000000 1336387058.083964825 
214.252300024 -0.393189 4.323894 -0.001434 -0.129504 0.132421 1.741883 -0.007646 -0.211524 -0.001136 0.018432 -0.000234 -0.003108 -0.597075 4.488871 -0.274973 -0.110773 0.129132 1.845778 -0.004246 -0.213379 -0.001426 0.017868 -0.001688 -0.001964 0.000000000 1336387059.374045849 
215.443143129 -0.146045 4.361614 0.030684 -0.108038 0.131666 1.738218 -0.016786 -0.156432 -0.006980 -0.020913 -0.003342 -0.020135 -0.353400 4.555941 -0.248139 -0.089768 0.126875 1.843659 -0.012897 -0.137718 -0.012081 -0.011357 -0.004193 -0.017592 0.000000000 1336387060.564888954 
217.030934095 0.102672 4.378951 0.049811 -0.145320 0.122880 1.706770 -0.008823 -0.126647 -0.013770 0.021894 -0.002253 -0.010928 -0.136557 4.595595 -0.245055 -0.111238 0.117693 1.816247 -0.006959 -0.133524 -0.012065 0.018676 -0.002891 -0.010103 0.000000000 1336387062.152679920 
218.916436195 0.342582 4.396210 0.060672 -0.106451 0.115668 1.686864 0.071381 0.016032 0.009620 -0.015784 0.005880 0.081275 0.111611 4.644974 -0.238210 -0.078172 0.110141 1.797810 0.070053 0.014525 0.010864 -0.016365 0.006636 0.081079 0.000000000 1336387064.038182020 
221.695070028 0.272655 4.588948 0.059481 -0.121862 0.152825 1.912259 0.151695 0.016848 0.023680 -0.030691 -0.002215 0.214935 0.025899 4.826781 -0.232826 -0.097127 0.143219 2.023231 0.146295 0.013179 0.027303 -0.031774 0.000897 0.214490 0.000000000 1336387066.816815853 
223.282861233 0.161877 4.807721 0.056486 -0.112076 0.181200 2.257227 0.154317 0.003240 0.059544 -0.024922 0.010479 0.215558 -0.099685 5.027892 -0.225284 -0.093875 0.168795 2.367063 0.145958 0.000513 0.063359 -0.025173 0.014965 0.215653 0.000000000 1336387068.404607058 
224.672178030 0.008273 4.973534 0.098215 -0.087888 0.220639 2.560614 0.155646 0.013043 0.055557 -0.049447 -0.004233 0.258167 -0.259346 5.171582 -0.173023 -0.074556 0.209680 2.670049 0.152043 0.024445 0.054443 -0.043325 -0.004652 0.258713 0.000000000 1336387069.793923855 
226.160732031 -0.210064 5.085067 0.126230 -0.070883 0.230918 2.954959 0.036158 -0.016450 0.018329 -0.010062 0.002315 0.066358 -0.490264 5.241821 -0.143738 -0.053566 0.215169 3.064148 0.034275 -0.017039 0.018529 -0.010080 0.003315 0.066387 0.000000000 1336387071.282477856 
229.832499027 -0.342825 5.166600 0.165356 -0.049013 0.249570 -3.077918 0.007987 -0.090412 -0.009632 0.008638 -0.000970 0.013746 -0.623466 5.311166 -0.100966 -0.036218 0.233805 -2.969396 0.005734 -0.087242 -0.009143 0.010397 0.000141 0.014632 0.000000000 1336387074.954244852 
232.313422203 -0.373143 5.390332 0.147981 -0.018846 0.248688 -3.042652 -0.007997 -0.141986 -0.011139 -0.013119 -0.003922 -0.017334 -0.670918 5.523293 -0.118690 -0.001761 0.235311 -2.932102 -0.011413 -0.146443 -0.008246 -0.015082 -0.002023 -0.016701 0.000000000 1336387077.435168028 
234.099687099 -0.380749 5.644779 0.136849 -0.050083 0.240980 -3.074394 0.008805 -0.086747 -0.004989 0.001848 0.000171 -0.002734 -0.702678 5.783999 -0.127813 -0.035844 0.231539 -2.962746 0.004323 -0.088776 -0.003901 0.001050 0.002611 -0.002030 0.000000000 1336387079.221432924 
236.679848194 -0.417420 5.867003 0.129823 -0.047052 0.241061 -3.081672 0.073235 -0.032565 0.006409 -0.008828 -0.004509 0.105674 -0.753730 6.007755 -0.132172 -0.034427 0.238080 -2.968380 0.072876 -0.028441 0.007082 -0.006612 -0.004723 0.106210 0.000000000 1336387081.801594019 
239.061534166 -0.595594 5.933208 0.106532 -0.005380 0.234293 -2.822531 0.148826 0.037224 0.066940 -0.054251 0.024002 0.200066 -0.935904 6.044017 -0.154459 0.011600 0.227727 -2.708327 0.147768 0.029627 0.067853 -0.057831 0.026046 0.199875 0.000000000 1336387084.183279991 
240.550088167 -0.804552 5.805260 0.151731 -0.015377 0.261028 -2.514359 0.114681 -0.005224 0.037415 -0.006454 -0.022586 0.211209 -1.133163 5.905472 -0.105231 -0.006485 0.252814 -2.400492 0.115401 -0.011027 0.036975 -0.009388 -0.021733 0.211062 0.000000000 1336387085.671833992 
242.435592175 -0.993608 5.679039 0.164221 0.076154 0.203699 -2.106940 0.172230 0.054503 0.039258 -0.032704 0.031846 0.232531 -1.315201 5.766457 -0.092028 0.075329 0.194379 -1.994528 0.167971 0.040648 0.039904 -0.039141 0.036210 0.231730 0.000000000 1336387087.557337999 
243.824907064 -1.058186 5.430677 0.174717 0.092993 0.212802 -1.773834 0.059253 -0.019113 0.032923 -0.016914 -0.003191 0.102340 -1.366543 5.525816 -0.078693 0.080149 0.210415 -1.662360 0.060108 -0.020379 0.032719 -0.017535 -0.003159 0.102338 0.000000000 1336387088.946652889 
246.801891088 -1.161290 5.255967 0.227685 0.102263 0.165752 -1.467128 -0.014940 -0.172297 -0.014303 0.020052 -0.000103 -0.013252 -1.452291 5.338613 -0.025866 0.087543 0.167366 -1.355082 -0.013761 -0.169775 -0.014441 0.022201 -0.000976 -0.012472 0.000000000 1336387091.923636913 
248.290445089 -1.415970 5.259379 0.184643 0.128806 0.167580 -1.487046 -0.023157 -0.160387 -0.004976 -0.029468 -0.009780 -0.025300 -1.702246 5.311940 -0.065355 0.117429 0.167512 -1.373967 -0.017330 -0.161719 -0.005740 -0.029358 -0.012870 -0.024517 0.000000000 1336387093.412190914 
249.878235102 -1.670224 5.281203 0.150797 0.074857 0.157191 -1.529398 0.013032 -0.169572 -0.021664 0.025636 0.008287 -0.006960 -1.957865 5.295285 -0.099354 0.063819 0.151636 -1.415491 0.008615 -0.168888 -0.020442 0.026487 0.010601 -0.006277 0.000000000 1336387094.999980927 
251.366790056 -1.918847 5.259726 0.097353 0.111526 0.170261 -1.538944 0.010317 -0.095056 0.002785 -0.014287 -0.000963 0.012328 -2.202939 5.251178 -0.147159 0.101977 0.167974 -1.423927 0.012689 -0.094585 0.002155 -0.013651 -0.002100 0.012612 0.000000000 1336387096.488535881 
253.847713232 -2.153160 5.230307 0.073916 0.081206 0.164405 -1.508403 -0.025613 -0.178676 -0.012229 0.004507 0.002067 -0.030468 -2.430317 5.189304 -0.170731 0.073244 0.159528 -1.392936 -0.018890 -0.173536 -0.012292 0.008015 -0.001315 -0.029189 0.000000000 1336387098.969459057 
255.237030029 -2.401291 5.256058 0.043169 0.080430 0.170555 -1.550977 -0.004989 -0.171331 -0.003938 -0.005826 -0.007242 -0.014466 -2.671302 5.177907 -0.200796 0.077792 0.160541 -1.434043 -0.002383 -0.179247 -0.000575 -0.009396 -0.008184 -0.013231 0.000000000 1336387100.358775854 
256.725585222 -2.655215 5.262815 0.018478 0.067902 0.161496 -1.573602 0.007402 -0.135164 0.006565 -0.000783 0.013420 -0.019631 -2.935712 5.148538 -0.221540 0.060467 0.149892 -1.454858 0.005485 -0.138632 0.007064 -0.002340 0.014512 -0.018808 0.000000000 1336387101.847331047 
258.611086130 -2.910355 5.250551 0.011356 0.060642 0.189149 -1.609441 -0.027745 -0.211163 -0.013085 0.017438 -0.017743 -0.034099 -3.194533 5.108477 -0.225558 0.050923 0.179261 -1.489139 -0.025915 -0.215471 -0.010023 0.015446 -0.018312 -0.032845 0.000000000 1336387103.732831955 
259.801930189 -3.158746 5.298424 -0.012676 0.073393 0.170352 -1.651860 0.090661 -0.003302 0.008195 -0.020374 0.002272 0.095475 -3.452174 5.122329 -0.244637 0.062035 0.159327 -1.529818 0.090870 -0.004985 0.007913 -0.021291 0.002177 0.095066 0.000000000 1336387104.923676014 
261.885905027 -3.182139 5.110699 -0.028417 0.063391 0.157199 -1.450567 0.058470 -0.073640 0.046284 -0.005633 -0.014479 0.065514 -3.455792 4.932541 -0.259066 0.048016 0.148518 -1.329569 0.058221 -0.071393 0.046179 -0.004278 -0.014373 0.066252 0.000000000 1336387107.007650852 
263.969881058 -3.324197 4.958668 0.037979 0.072226 0.117042 -1.315374 0.088584 0.013285 0.002729 -0.008486 0.019827 0.100979 -3.572773 4.766627 -0.189015 0.058934 0.110609 -1.192332 0.086104 0.011874 0.002412 -0.008882 0.021043 0.100943 0.000000000 1336387109.091626883 
266.649279118 -3.230507 4.738309 0.020057 0.078795 0.146361 -1.038916 0.097364 0.009614 0.051685 -0.033837 -0.001674 0.152803 -3.458552 4.564297 -0.206208 0.063152 0.147027 -0.916286 0.095868 0.013594 0.050494 -0.031407 -0.001839 0.152870 0.000000000 1336387111.771024942 
268.931727171 -3.099330 4.540215 0.105701 0.046816 0.106882 -0.689522 0.103549 0.006829 0.037592 -0.021471 -0.011775 0.178916 -3.297554 4.393403 -0.122546 0.037978 0.112418 -0.566073 0.100437 0.008808 0.037220 -0.019661 -0.010471 0.178959 0.000000000 1336387114.053472996 
271.214177132 -2.903553 4.393767 0.166432 0.036283 0.052734 -0.282555 0.102971 0.020716 0.031880 -0.014044 0.021604 0.155622 -3.088138 4.280311 -0.063148 0.034555 0.064256 -0.158140 0.099375 0.013153 0.032106 -0.017694 0.025553 0.155499 0.000000000 1336387116.335922956 
273.298153162 -2.682962 4.372140 0.222986 0.022065 0.083392 0.044094 0.003166 -0.049601 0.009751 -0.001212 0.000665 0.013340 -2.875798 4.271849 -0.008770 0.016564 0.103089 0.168981 0.002984 -0.047703 0.009835 0.000132 0.000674 0.013830 0.000000000 1336387118.419898987 
276.672209024 -2.662491 4.204839 0.251194 0.021717 0.084559 0.089306 0.005345 -0.113668 -0.008531 -0.017544 -0.022184 0.020348 -2.835673 4.114880 0.020545 0.021821 0.104477 0.215932 0.003519 -0.105504 -0.009928 -0.012190 -0.021074 0.021601 0.000000000 1336387121.793954849 
278.656948090 -2.633716 3.981334 0.228549 -0.009769 0.039597 0.128717 0.011367 -0.223208 -0.004998 0.024448 0.023391 -0.034159 -2.786598 3.911760 -0.004320 0.002008 0.061634 0.257923 0.002056 -0.212052 -0.003987 0.031936 0.029299 -0.031543 0.000000000 1336387123.778693914 
279.847791195 -2.586309 3.719401 0.224662 0.017725 0.067020 0.087693 0.024481 -0.147155 -0.003757 -0.035204 -0.017879 0.035426 -2.720139 3.668143 -0.009716 0.037718 0.096556 0.220277 0.025150 -0.150990 -0.003033 -0.037010 -0.018073 0.035624 0.000000000 1336387124.969537020 
281.634056091 -2.520596 3.461468 0.210390 -0.040985 0.033837 0.150400 -0.008407 -0.271508 -0.032525 0.058245 0.008661 -0.044626 -2.619126 3.414781 -0.029558 -0.022425 0.061710 0.282732 -0.022232 -0.313908 -0.023864 0.032385 0.015634 -0.045609 0.000000000 1336387126.755801916 
282.626425028 -2.489014 3.192632 0.189474 0.015346 0.040576 0.105763 0.009501 -0.183861 -0.030596 -0.002192 -0.008208 0.017470 -2.554228 3.108771 -0.044856 0.006914 0.076142 0.237008 0.009563 -0.199566 -0.028568 -0.011631 -0.008053 0.016994 0.000000000 1336387127.748170853 
284.015742064 -2.450878 2.940490 0.142555 0.013275 0.028789 0.129866 -0.025575 -0.207086 0.001154 0.001129 0.005005 -0.036414 -2.479393 2.841903 -0.087353 -0.007452 0.064769 0.260588 -0.025691 -0.224805 -0.000347 -0.009896 0.004375 -0.036760 0.000000000 1336387129.137487888 
285.206586123 -2.449184 2.692014 0.141532 0.013361 0.035298 0.086560 0.006146 -0.175214 -0.011228 0.019570 0.002781 0.005536 -2.439819 2.575398 -0.083794 -0.022071 0.069591 0.216670 0.006288 -0.187744 -0.012405 0.012255 0.002696 0.005263 0.000000000 1336387130.328331947 
286.595903158 -2.420320 2.450406 0.122393 0.040823 0.039057 0.094308 0.002494 -0.182952 -0.008392 -0.006281 -0.006791 0.021927 -2.375946 2.322054 -0.095847 -0.004541 0.073495 0.223916 0.004212 -0.191232 -0.011854 -0.010750 -0.007874 0.022213 0.000000000 1336387131.717648983 
287.985220194 -2.393859 2.198287 0.100251 0.033254 0.028370 0.124371 -0.010821 -0.221766 0.005058 0.011153 0.007290 -0.010367 -2.312337 2.063982 -0.111498 -0.017201 0.062661 0.254885 -0.007261 -0.222350 0.004427 0.011474 0.005035 -0.009242 0.000000000 1336387133.106966019 
289.176063061 -2.373952 1.934577 0.097858 0.046192 0.037454 0.112312 -0.015041 -0.220605 -0.003390 -0.038441 0.006578 -0.002715 -2.253364 1.805857 -0.101151 -0.004234 0.068462 0.243752 -0.014228 -0.223404 -0.004961 -0.039439 0.005901 -0.001433 0.000000000 1336387134.297808886 
290.366906166 -2.362948 1.671916 0.082377 0.000308 0.045428 0.109442 -0.040165 -0.249168 -0.004130 0.026262 -0.011187 -0.027756 -2.205872 1.543502 -0.104762 -0.051319 0.075482 0.242011 -0.035819 -0.250000 -0.005672 0.026585 -0.013936 -0.026026 0.000000000 1336387135.488651991 
291.458513021 -2.376986 1.396744 0.079780 0.027599 0.033204 0.079125 -0.055698 -0.275935 -0.016564 -0.004409 0.010923 -0.064200 -2.177760 1.269390 -0.094020 -0.024369 0.058803 0.214374 -0.050528 -0.273379 -0.017407 -0.002114 0.008370 -0.062099 0.000000000 1336387136.580258846 
292.351645231 -2.407823 1.147583 0.059854 0.021723 0.044484 0.022024 0.005526 -0.191340 -0.020549 -0.016966 0.000036 0.029598 -2.170322 1.020812 -0.100944 -0.029495 0.064835 0.158630 0.004946 -0.190029 -0.020667 -0.015985 0.000554 0.030834 0.000000000 1336387137.473391056 
293.641725063 -2.396697 0.901558 0.027704 0.001518 0.043669 0.060236 -0.030289 -0.227388 -0.001755 0.010093 0.000373 -0.003358 -2.126444 0.778873 -0.120737 -0.047513 0.066670 0.198457 -0.024603 -0.214108 -0.004760 0.018063 -0.002569 -0.000795 0.000000000 1336387138.763470888 
294.733331203 -2.414827 0.651799 0.026857 0.012375 0.044082 0.056568 0.003393 -0.049380 -0.000426 -0.007731 -0.001104 0.024027 -2.106253 0.544550 -0.113051 -0.027845 0.063828 0.197722 0.003659 -0.049577 -0.000673 -0.007630 -0.001185 0.024240 0.000000000 1336387139.855077028 
298.008151054 -2.394752 0.490997 0.022974 -0.009515 0.039358 0.135261 0.120734 -0.000141 0.033712 -0.025565 0.008770 0.179362 -2.062491 0.387736 -0.111502 -0.047671 0.061953 0.277333 0.120151 -0.004685 0.034884 -0.027914 0.010675 0.179646 0.000000000 1336387143.129896879 
299.992890120 -2.154939 0.523994 0.080403 -0.045930 0.057611 0.491616 0.108592 -0.047129 0.030812 -0.023717 -0.001236 0.190723 -1.827790 0.448322 -0.056800 -0.078469 0.095872 0.634011 0.103474 -0.042790 0.030964 -0.020219 0.000916 0.191591 0.000000000 1336387145.114635944 
301.977628231 -1.919150 0.547443 0.133269 -0.068437 0.068049 0.870773 0.079495 0.001763 0.034442 -0.027054 0.005445 0.186703 -1.610553 0.508941 -0.008848 -0.077332 0.119940 1.015768 0.076046 0.001862 0.035469 -0.026038 0.007376 0.186464 0.000000000 1336387147.099374056 
304.657025099 -1.786659 0.721846 0.210319 -0.099901 0.107104 1.371685 -0.018242 -0.056663 0.010903 -0.004147 0.001608 0.022921 -1.508467 0.696954 0.060461 -0.079901 0.162014 1.519101 -0.018262 -0.056574 0.011272 -0.003884 0.001634 0.023131 0.000000000 1336387149.778770924 
308.031081200 -1.614711 0.630791 0.272250 -0.105381 0.119895 1.448645 0.015898 -0.048930 0.003176 -0.002417 0.001270 0.026038 -1.324176 0.635113 0.122852 -0.080112 0.173243 1.597631 0.013563 -0.041355 0.003526 0.002487 0.002249 0.026442 0.000000000 1336387153.152827024 
311.603611231 -1.436054 0.669247 0.294915 -0.102479 0.133668 1.541500 0.003967 -0.112404 -0.012056 -0.013513 -0.000353 0.003176 -1.179363 0.690951 0.138515 -0.054492 0.188036 1.692826 0.004157 -0.111059 -0.011982 -0.012087 -0.000367 0.003888 0.000000000 1336387156.725357056 
313.886059999 -1.177881 0.670508 0.292592 -0.132338 0.133603 1.548859 0.016599 -0.105916 -0.008344 0.005198 0.005323 0.001488 -0.927485 0.728690 0.123479 -0.080384 0.187676 1.701891 0.018140 -0.108432 -0.007798 0.004335 0.004678 0.002289 0.000000000 1336387159.007805824 
316.267747164 -0.924366 0.705947 0.300793 -0.119721 0.146638 1.550718 0.030025 -0.097970 -0.003223 -0.003377 -0.023834 0.036135 -0.676400 0.805026 0.117605 -0.069199 0.199216 1.706522 0.030812 -0.100048 -0.001453 -0.004161 -0.023929 0.036887 0.000000000 1336387161.389492989 
318.351723194 -0.719604 0.766337 0.309176 -0.114672 0.105829 1.631793 0.160766 0.047337 0.037789 -0.030474 0.027136 0.172634 -0.478930 0.897795 0.116068 -0.061703 0.154136 1.787534 0.152528 0.040351 0.038086 -0.033136 0.032857 0.173330 0.000000000 1336387163.473469019 
319.840277195 -0.810714 1.004246 0.331449 -0.129903 0.171710 1.885874 0.148193 -0.007096 0.053651 -0.010960 -0.009717 0.221324 -0.590883 1.111185 0.133465 -0.069528 0.213635 2.047657 0.143579 -0.007763 0.054493 -0.010290 -0.006937 0.221878 0.000000000 1336387164.962023020 
321.428068161 -0.886978 1.238675 0.375908 -0.079581 0.190410 2.243023 0.164708 0.053591 0.034508 -0.050932 0.003410 0.264170 -0.696041 1.328426 0.170320 -0.006686 0.213282 2.408392 0.161247 0.044866 0.033691 -0.055766 0.007926 0.263968 0.000000000 1336387166.549813986 
322.916623116 -1.107601 1.381624 0.373558 -0.075387 0.211260 2.643904 0.095145 -0.007998 0.045083 -0.014369 0.006370 0.163280 -0.923084 1.442591 0.168092 -0.006220 0.211122 2.810627 0.095865 -0.009110 0.044776 -0.015236 0.006393 0.163166 0.000000000 1336387168.038368940 
325.199071169 -1.308347 1.502587 0.429691 -0.024805 0.238519 3.025593 0.021873 -0.036061 0.010286 -0.006820 -0.002162 0.046939 -1.139151 1.538145 0.222293 0.037509 0.213263 -3.091220 0.021878 -0.035338 0.009991 -0.006158 -0.002227 0.047253 0.000000000 1336387170.320816994 
329.466135025 -1.391944 1.666099 0.453982 -0.005084 0.229369 -3.051670 -0.005946 -0.158345 -0.009052 -0.007066 0.011010 -0.014421 -1.245753 1.685246 0.238644 0.053567 0.191909 -2.886291 -0.003983 -0.157722 -0.010047 -0.006020 0.009738 -0.013240 0.000000000 1336387174.587880850 
331.053926229 -1.402405 1.917666 0.443377 -0.021692 0.246672 -3.075369 -0.019970 -0.198447 -0.013709 -0.006877 -0.014400 -0.012839 -1.297268 1.929366 0.211051 0.040074 0.208435 -2.906899 -0.015650 -0.195093 -0.014960 -0.003812 -0.017380 -0.011370 0.000000000 1336387176.175672054 
332.344007015 -1.391485 2.175290 0.437906 -0.034615 0.227708 -3.091951 0.014718 -0.184154 -0.021745 0.016062 0.007643 0.011562 -1.330448 2.179210 0.186497 0.031885 0.186594 -2.922725 0.016031 -0.189358 -0.020058 0.013145 0.006653 0.012280 0.000000000 1336387177.465752840 
333.733324051 -1.419309 2.430964 0.412503 -0.008653 0.238847 -3.075808 -0.006462 -0.194547 0.002254 -0.024644 -0.004480 -0.024214 -1.402147 2.431722 0.146755 0.053425 0.195259 -2.905042 -0.007737 -0.198165 0.003296 -0.026816 -0.003993 -0.023570 0.000000000 1336387178.855069876 
335.122641087 -1.429661 2.701118 0.419942 -0.051050 0.232195 -3.110319 0.015057 -0.187503 -0.018936 0.045821 0.002820 0.010509 -1.454471 2.702157 0.138905 0.009622 0.191360 -2.938651 0.021750 -0.221940 -0.011568 0.022497 -0.001568 0.009018 0.000000000 1336387180.244386911 
336.511958122 -1.455199 2.961950 0.402496 0.016019 0.236828 -3.095525 -0.018503 -0.190482 0.010376 -0.027586 0.000061 -0.026014 -1.542094 2.998760 0.114467 0.043299 0.189045 -2.925917 -0.017633 -0.199772 0.008631 -0.033841 -0.000785 -0.025732 0.000000000 1336387181.633703947 
337.901275158 -1.444817 3.227548 0.418417 -0.031037 0.237333 -3.132703 0.018260 -0.157992 -0.009225 0.031024 -0.001050 0.004028 -1.578037 3.275280 0.119038 -0.010587 0.189380 -2.962332 0.016436 -0.180727 -0.007742 0.015703 0.000019 0.002932 0.000000000 1336387183.023020983 
339.489066124 -1.473618 3.478493 0.404938 0.019781 0.235860 -3.126076 -0.010009 -0.223957 -0.016419 -0.018892 0.004681 -0.036052 -1.652728 3.553490 0.105036 0.015238 0.189458 -2.957593 -0.013754 -0.225437 -0.017892 -0.019658 0.006901 -0.035190 0.000000000 1336387184.610811949 
340.679910183 -1.460361 3.744990 0.383587 -0.013037 0.242062 3.113009 0.025137 -0.211269 -0.019537 0.018803 -0.025834 0.026868 -1.681265 3.820887 0.083180 -0.016207 0.198146 -3.000201 0.025219 -0.201224 -0.021448 0.025347 -0.025771 0.029517 0.000000000 1336387185.801656008 
341.870753050 -1.477425 3.997451 0.357010 0.017295 0.211589 -3.137059 0.062602 -0.162144 -0.010712 -0.032742 0.016893 0.042792 -1.740017 4.054952 0.056038 0.021095 0.167904 -2.964065 0.057927 -0.156877 -0.012158 -0.028615 0.019860 0.043905 0.000000000 1336387186.992498875 
343.359308004 -1.565400 4.238102 0.317771 -0.017634 0.235186 -3.071137 0.000070 -0.227993 0.004443 0.011005 -0.010515 -0.008273 -1.861072 4.270041 0.018931 -0.010306 0.195712 -2.896844 -0.001412 -0.225041 0.004195 0.013563 -0.009745 -0.005988 0.000000000 1336387188.481053829 
344.450913191 -1.585133 4.486082 0.326737 -0.007731 0.223541 -3.080188 0.003329 -0.246476 -0.008726 -0.002392 -0.015650 0.016348 -1.920458 4.508348 0.026206 0.003228 0.185003 -2.903382 0.001079 -0.243146 -0.009139 0.001237 -0.014225 0.018167 0.000000000 1336387189.572659016 
345.542519093 -1.603537 4.754580 0.318671 -0.006270 0.206559 -3.061823 0.056098 -0.239036 -0.001082 -0.041172 0.017886 0.033634 -1.982268 4.766437 0.015341 0.008269 0.169375 -2.883316 0.051763 -0.234474 -0.001205 -0.037356 0.020728 0.035422 0.000000000 1336387190.664264917 
346.634126186 -1.684167 5.009902 0.306557 -0.043512 0.226173 -3.024281 -0.010158 -0.321278 -0.002778 0.017898 0.006793 -0.036732 -2.100927 4.999804 0.002434 -0.025844 0.191551 -2.843750 -0.008527 -0.327611 -0.000010 0.014732 0.005688 -0.035279 0.000000000 1336387191.755872011 
347.428022146 -1.708178 5.263752 0.317031 -0.036048 0.230193 -3.054445 -0.036065 -0.294533 -0.024585 0.024425 -0.022560 -0.030778 -2.172096 5.249934 0.010313 -0.019594 0.195265 -2.872410 -0.035983 -0.305105 -0.021906 0.018370 -0.022877 -0.029003 0.000000000 1336387192.549767971 
348.321153164 -1.697052 5.529406 0.312246 -0.020464 0.208983 -3.081779 -0.000757 -0.137718 -0.030773 -0.004178 0.004538 -0.023230 -2.211601 5.522057 0.002596 -0.008208 0.174265 -2.898295 -0.000609 -0.136240 -0.031895 -0.002962 0.004597 -0.022627 0.000000000 1336387193.442898989 
350.107419014 -1.700162 5.776736 0.263690 -0.036755 0.216055 -3.124422 0.004053 -0.085664 0.002432 -0.004736 -0.001574 -0.015248 -2.260049 5.761251 -0.051357 -0.020627 0.182001 -2.939457 0.005558 -0.087312 0.002748 -0.005554 -0.002280 -0.014531 0.000000000 1336387195.229164839 
352.985289097 -1.719221 6.022550 0.276868 -0.059922 0.209708 3.114098 -0.095369 0.004043 -0.019816 0.007657 0.002031 -0.172787 -2.328183 6.003561 -0.041379 -0.044251 0.174419 -2.981772 -0.095888 0.004380 -0.020266 0.007850 0.002221 -0.171945 0.000000000 1336387198.107034922 
355.267740011 -1.497063 6.009936 0.277483 -0.119095 0.175105 2.713707 -0.081017 0.016533 -0.050164 0.036236 0.020910 -0.192652 -2.106134 6.031310 -0.049345 -0.090114 0.149220 2.904471 -0.079777 0.018686 -0.052444 0.037670 0.020615 -0.192295 0.000000000 1336387200.389485836 
357.649426222 -1.314975 5.899521 0.189678 -0.098976 0.153518 2.246455 -0.019903 -0.034693 -0.019362 0.017362 -0.001002 -0.072012 -1.912716 5.950531 -0.148075 -0.057866 0.142707 2.439053 -0.024024 -0.036979 -0.020765 0.015894 0.000828 -0.071584 0.000000000 1336387202.771172047 
360.229586124 -1.205970 5.913843 0.157144 -0.080813 0.130066 2.060242 -0.036372 -0.199785 -0.020804 -0.014470 -0.000082 -0.067811 -1.797132 5.981538 -0.186741 -0.042199 0.131783 2.252909 -0.029775 -0.202311 -0.019702 -0.014699 -0.003526 -0.066280 0.000000000 1336387205.351331949 
361.420430183 -0.974384 5.987736 0.157319 -0.108288 0.123034 1.979148 -0.041936 -0.227933 -0.010158 -0.007459 -0.022767 -0.058898 -1.586258 6.105272 -0.195244 -0.069981 0.123852 2.173619 -0.036788 -0.220793 -0.009894 -0.002714 -0.025311 -0.057901 0.000000000 1336387206.542176008 
362.512037039 -0.728999 6.046528 0.178685 -0.123802 0.091152 1.917687 -0.021319 -0.258459 -0.023240 0.024389 0.026008 -0.061579 -1.365417 6.209808 -0.184251 -0.080418 0.091642 2.112270 -0.004156 -0.246854 -0.022159 0.032058 0.017694 -0.059766 0.000000000 1336387207.633782864 
363.504405022 -0.480068 6.114967 0.189361 -0.105227 0.109036 1.853491 -0.041681 -0.084309 -0.023628 -0.005846 0.002256 -0.074282 -1.152432 6.332873 -0.186104 -0.054035 0.104214 2.051418 -0.041171 -0.083635 -0.024292 -0.005188 0.002097 -0.073380 0.000000000 1336387208.626150846 
365.489144087 -0.291715 6.080751 0.169474 -0.131715 0.096880 1.705711 -0.051855 -0.017441 -0.017084 0.012165 0.004310 -0.084422 -0.963693 6.335031 -0.216570 -0.078933 0.099426 1.905039 -0.048637 -0.017576 -0.018018 0.012713 0.002674 -0.084240 0.000000000 1336387210.610889912 
368.565489054 -0.210225 5.927182 0.140061 -0.114744 0.073057 1.445813 -0.153325 -0.250550 -0.047807 0.053081 -0.001321 -0.227479 -0.858143 6.208720 -0.252459 -0.062703 0.084097 1.645111 -0.137919 -0.224648 -0.054914 0.068199 -0.005407 -0.223075 0.000000000 1336387213.687234879 
369.458622217 -0.001984 5.762135 0.133304 -0.079641 0.047299 1.243908 -0.111744 -0.046915 -0.047231 -0.003115 -0.006577 -0.185818 -0.646045 6.098363 -0.278360 -0.017164 0.065221 1.446155 -0.108544 -0.051364 -0.049387 -0.004290 -0.008797 -0.185706 0.000000000 1336387214.580368042 
371.145649195 0.017163 5.553159 0.069168 -0.095557 0.009423 0.932388 -0.032494 0.020182 -0.011311 0.012141 0.006079 -0.066646 -0.582038 5.900813 -0.348069 -0.043657 0.041923 1.132930 -0.028723 0.017950 -0.010489 0.011526 0.003855 -0.066816 0.000000000 1336387216.267395020 
374.817416191 -0.110261 5.498581 0.021884 -0.050414 0.008248 0.686678 -0.082372 0.039847 -0.056884 0.014929 0.014017 -0.140367 -0.685563 5.831020 -0.384964 -0.010233 0.044206 0.886977 -0.060692 0.028660 -0.053992 0.013159 0.002557 -0.141525 0.000000000 1336387219.939162016 
377.000628233 -0.301266 5.446257 -0.105044 -0.017973 0.023224 0.379075 -0.035253 0.025916 -0.029573 0.014702 0.006628 -0.087922 -0.820065 5.763115 -0.497503 0.005527 0.044581 0.577642 -0.039922 0.022263 -0.031714 0.012541 0.008037 -0.088291 0.000000000 1336387222.122374058 
380.275447130 -0.441370 5.479916 -0.200692 0.024306 0.038864 0.090631 0.015054 -0.012627 -0.075610 0.023065 -0.025359 -0.027717 -0.973469 5.750838 -0.595026 0.033634 0.070624 0.288020 0.019189 -0.011113 -0.076764 0.023727 -0.026872 -0.027617 0.000000000 1336387225.397192955 
382.260186195 -0.415528 5.460770 -0.352370 0.067892 -0.010177 0.034478 -0.001614 -0.139667 -0.022107 -0.024217 0.022447 -0.040754 -0.942590 5.742338 -0.750344 0.076731 0.019050 0.231510 -0.009554 -0.135629 -0.023949 -0.022370 0.025853 -0.040326 0.000000000 1336387227.381932020 
384.046451092 -0.409348 5.214608 -0.408719 0.025234 0.034787 -0.035410 0.005678 -0.061221 0.021152 0.003464 -0.006807 0.014666 -0.905660 5.506234 -0.811233 0.035372 0.070568 0.163143 0.009089 -0.056159 0.021159 0.005667 -0.008278 0.015226 0.000000000 1336387229.168196917 
386.825086117 -0.397770 5.042549 -0.354838 0.036244 0.014823 0.004847 -0.013851 -0.073933 0.007158 0.003128 -0.012049 -0.002988 -0.851431 5.355007 -0.759907 0.054025 0.046025 0.204643 -0.012209 -0.072594 0.007219 0.003899 -0.012789 -0.002779 0.000000000 1336387231.946831942 
389.107536077 -0.428408 4.873170 -0.344159 0.043279 -0.012413 -0.002962 0.007039 -0.080357 -0.010690 -0.009540 0.017574 -0.008045 -0.844546 5.186550 -0.751127 0.062581 0.017218 0.196734 0.011307 -0.074951 -0.010608 -0.006922 0.015912 -0.007850 0.000000000 1336387234.229281902 
391.786932230 -0.409712 4.659246 -0.381854 0.017999 0.035565 -0.022448 -0.047593 -0.171791 -0.009070 0.013854 -0.031463 -0.026264 -0.776699 4.997513 -0.792569 0.043764 0.061083 0.178393 -0.046171 -0.154000 -0.007874 0.021709 -0.032182 -0.024858 0.000000000 1336387236.908678055 
393.176250219 -0.481727 4.422396 -0.396387 0.035927 -0.007508 -0.059685 0.038783 -0.110692 -0.010975 -0.012881 0.019463 0.030115 -0.803084 4.776045 -0.808905 0.071713 0.017884 0.141962 0.032675 -0.109788 -0.011057 -0.011959 0.021900 0.030473 0.000000000 1336387238.297996044 
395.260225058 -0.414520 4.188261 -0.426922 0.008556 0.030790 0.004472 0.009466 -0.138517 0.011485 -0.011808 -0.013734 0.030749 -0.704328 4.561300 -0.849494 0.047899 0.058820 0.208628 0.009567 -0.143642 0.012716 -0.013276 -0.013782 0.030839 0.000000000 1336387240.381970882 
397.046491146 -0.395946 3.940748 -0.409055 -0.010862 0.005742 0.059171 -0.042232 -0.234135 -0.009347 0.012379 0.019601 -0.049978 -0.633733 4.313165 -0.840114 0.027296 0.031508 0.262481 -0.044030 -0.251586 -0.004935 0.006162 0.019295 -0.050844 0.000000000 1336387242.168236971 
398.138097048 -0.426888 3.682787 -0.416216 0.002350 0.026537 0.004378 -0.027469 -0.159640 -0.026806 0.016699 -0.020934 0.000366 -0.609323 4.035610 -0.851474 0.032256 0.054029 0.207508 -0.021278 -0.168147 -0.023019 0.013807 -0.024026 0.000479 0.000000000 1336387243.259842873 
399.626651049 -0.467796 3.445068 -0.455578 0.027221 -0.004626 0.004850 0.023800 -0.119701 -0.004940 -0.004400 0.012732 0.035358 -0.591197 3.784906 -0.892021 0.052804 0.018260 0.207067 0.019341 -0.124240 -0.005752 -0.005836 0.014576 0.034988 0.000000000 1336387244.748396873 
401.512153149 -0.421758 3.219928 -0.470825 0.018560 0.017570 0.072138 -0.009878 -0.127106 0.050187 0.010037 0.000279 0.034961 -0.507952 3.563944 -0.915876 0.042930 0.042185 0.274433 0.002841 -0.149067 0.049317 0.001151 -0.004560 0.034172 0.000000000 1336387246.633898973 
402.901470184 -0.421461 3.041631 -0.404158 0.033335 0.017035 0.120716 0.021774 -0.223464 0.032416 -0.019907 0.021887 0.019932 -0.444868 3.363695 -0.856531 0.046471 0.033772 0.321619 0.015075 -0.215213 0.028207 -0.016244 0.024943 0.021250 0.000000000 1336387248.023216009 
403.993077040 -0.367907 2.801353 -0.377331 0.011990 0.040184 0.143270 0.031543 -0.227627 0.000117 -0.014535 -0.022172 0.072410 -0.353996 3.145107 -0.837253 0.029568 0.059883 0.346091 0.029940 -0.246262 -0.005488 -0.021131 -0.020189 0.071319 0.000000000 1336387249.114822865 
405.084683180 -0.298492 2.560332 -0.381564 -0.000750 0.014912 0.222003 -0.028986 -0.237051 0.000936 0.023486 -0.004638 -0.034905 -0.233000 2.903287 -0.853120 0.011037 0.035377 0.423285 -0.040845 -0.242731 -0.007820 0.022074 0.000746 -0.034393 0.000000000 1336387250.206429005 
406.176288128 -0.272360 2.300956 -0.379876 0.024321 0.009809 0.183903 -0.020920 -0.269160 0.030729 0.019232 0.009391 -0.047945 -0.165204 2.643337 -0.862996 0.033798 0.036581 0.385727 -0.039830 -0.276369 0.023274 0.017375 0.017625 -0.048775 0.000000000 1336387251.298033953 
407.168658018 -0.243572 2.033948 -0.355683 0.042916 0.020272 0.136556 -0.022040 -0.249074 0.028747 -0.022063 -0.015378 -0.010274 -0.097912 2.373979 -0.847744 0.049257 0.055655 0.337877 -0.030451 -0.235331 0.023405 -0.014956 -0.011529 -0.008461 0.000000000 1336387252.290403843 
408.161027193 -0.231092 1.785162 -0.337346 0.020804 0.005461 0.125716 0.038660 -0.224926 0.020264 -0.028117 -0.015151 0.074098 -0.048065 2.143050 -0.834382 0.033918 0.044639 0.328919 0.027594 -0.196164 0.009010 -0.014491 -0.010356 0.077277 0.000000000 1336387253.282773018 
409.252509117 -0.158303 1.546495 -0.320571 -0.009511 -0.012771 0.206226 0.071980 -0.135589 0.007850 -0.000809 0.031212 0.036354 0.049748 1.949976 -0.833161 0.021726 0.030328 0.412866 0.053482 -0.138112 0.005545 -0.000536 0.039232 0.035344 0.000000000 1336387254.374254942 
410.840301037 -0.002569 1.359259 -0.304602 -0.011522 0.037356 0.263442 -0.009642 -0.034941 -0.001402 0.004789 -0.003295 -0.032206 0.215652 1.783088 -0.831699 0.022629 0.091336 0.470458 -0.012205 -0.030677 -0.003234 0.006578 -0.001888 -0.031685 0.000000000 1336387255.962046862 
414.214356184 -0.003367 1.236890 -0.306757 0.000657 0.024771 0.154887 -0.002707 -0.141956 0.027030 0.014954 -0.029702 0.010685 0.224817 1.671933 -0.841139 0.034916 0.086858 0.363030 -0.012244 -0.142230 0.024652 0.015450 -0.025334 0.011449 0.000000000 1336387259.336102009 
415.802149057 0.028211 1.013664 -0.263893 0.024821 -0.022404 0.171808 0.014630 -0.053953 0.045503 -0.028256 0.022272 -0.034793 0.289876 1.453756 -0.808335 0.060927 0.046011 0.379796 0.005194 -0.045824 0.042373 -0.024794 0.027104 -0.034313 0.000000000 1336387260.923894882 
417.985360146 0.078098 0.900304 -0.166812 -0.035235 0.028151 0.097141 -0.035915 -0.197267 -0.044441 0.057325 -0.036712 -0.019630 0.343189 1.361453 -0.722701 0.003458 0.109515 0.308335 -0.034085 -0.183935 -0.044043 0.063435 -0.037887 -0.017563 0.000000000 1336387263.107105970 
419.176203012 0.057248 0.660519 -0.210205 0.032391 -0.016370 0.075339 -0.007171 -0.128978 -0.024990 -0.026855 0.006552 -0.035639 0.365621 1.138910 -0.771152 0.076695 0.064446 0.287242 -0.007379 -0.124837 -0.026832 -0.024492 0.006754 -0.035691 0.000000000 1336387264.297948837 
420.863231182 0.062256 0.444173 -0.259580 -0.011993 -0.003347 0.015608 0.033341 -0.001690 0.027232 -0.011134 -0.004297 0.043782 0.408430 0.936218 -0.831492 0.031427 0.080305 0.227894 0.030172 -0.003576 0.027187 -0.011882 -0.002460 0.043746 0.000000000 1336387265.984977007 
423.939576149 0.164596 0.441574 -0.175407 -0.046586 -0.014924 0.150450 0.015010 -0.011842 0.005088 0.004974 0.000352 0.016595 0.508142 0.945357 -0.755957 0.005356 0.067800 0.362473 0.015341 -0.009837 0.004828 0.005835 0.000307 0.016621 0.000000000 1336387269.061321974 
427.710580111 0.226793 0.406791 -0.153318 -0.028669 -0.010656 0.212902 0.008981 0.000128 0.063016 0.000302 -0.002969 0.006542 0.576438 0.931480 -0.741912 0.031603 0.068488 0.425305 0.004973 -0.002475 0.063421 -0.001005 -0.000985 0.006268 0.000000000 1336387272.832325935 
430.290739059 0.246694 0.416199 0.009434 -0.028070 -0.017829 0.229995 -0.002484 0.000244 0.106539 -0.000127 -0.001041 0.001792 0.603047 0.930849 -0.579821 0.030110 0.065427 0.441423 -0.006747 -0.001842 0.106573 -0.001421 0.001592 0.001341 0.000000000 1336387275.412484884 
432.275479078 0.236761 0.420466 0.220669 -0.028386 -0.019794 0.233609 -0.013450 0.006439 0.100913 -0.002355 0.010794 -0.002752 0.607738 0.921982 -0.368083 0.027470 0.068504 0.444184 -0.007983 0.009735 0.104089 -0.000585 0.007218 -0.002530 0.000000000 1336387277.397224903 
434.061743021 0.206084 0.430243 0.400017 -0.032489 -0.000660 0.228148 0.002853 -0.000074 0.005590 0.004645 0.000939 0.007635 0.601134 0.932435 -0.181206 0.026142 0.081516 0.440007 0.005224 -0.000168 0.005910 0.004423 -0.000487 0.007759 0.000000000 1336387279.183488846 
436.939616203 0.214001 0.432398 0.416108 -0.019127 0.002755 0.250022 0.019761 0.019112 -0.001086 -0.008485 -0.003425 0.019158 0.616339 0.938568 -0.165496 0.040686 0.079511 0.462363 0.013891 0.016231 -0.002665 -0.010239 0.000651 0.018931 0.000000000 1336387282.061362028 
