#     1     2     3     4     5     6     7     8     9    10    11    12    13    14    15    16    17    18    19    20    21    22    23    24    25    26
#     t  gt_x  gt_y  gt_z  gt_ro gt_pi gt_ya gt_vx gt_vy gt_vz gt_vr gt_vp gt_vy od_x  od_y  od_z  od_ro od_pi od_ya od_vx od_vy od_vz od_vr od_vp od_vy od_failure ts
0.000000000 0.000000 -0.000000 0.000000 -0.000000 -0.000000 0.000000 -0.011536 -0.002404 -0.002191 0.000300 0.001401 -0.011242 0.000000 0.000000 -0.000000 0.000000 0.000000 -0.000000 -0.009386 0.000673 -0.002889 0.002076 0.000415 -0.010847 0.000000000 1336386844.327849865 
4.366425037 -0.050372 -0.010499 -0.009566 0.001310 0.006115 -0.049088 -0.002904 0.003221 0.037660 0.011797 -0.005887 -0.006542 -0.040984 0.002937 -0.012617 0.009066 0.001812 -0.047363 -0.009447 -0.007270 0.039627 0.006199 -0.002634 -0.006792 0.000000000 1336386848.694274902 
7.641245127 -0.058607 0.000304 0.113833 0.039812 -0.013138 -0.070535 0.013252 0.003044 0.144104 -0.024860 0.001424 0.001197 -0.072836 -0.020566 0.116991 0.029324 -0.006612 -0.069683 0.005628 0.000980 0.142014 -0.024973 0.005949 0.000618 0.000000000 1336386851.969094992 
8.931324959 -0.044236 -0.004195 0.299956 0.007720 -0.011364 -0.068919 -0.001989 -0.002258 0.127211 0.017611 0.003782 0.001154 -0.067087 -0.025085 0.300203 -0.002899 0.001037 -0.068662 -0.002166 -0.022622 0.131891 0.003857 0.003635 0.000470 0.000000000 1336386853.259174824 
10.717590094 -0.050753 -0.009547 0.527095 0.039155 -0.004626 -0.066806 0.001306 -0.008756 0.007201 -0.005471 0.003223 0.005210 -0.073430 -0.064467 0.535915 0.003991 0.007532 -0.067841 0.003670 -0.013708 0.007554 -0.007772 0.001608 0.005585 0.000000000 1336386855.045439959 
13.396986961 -0.048961 -0.033919 0.545471 0.024426 0.003458 -0.052519 0.000294 0.007295 -0.011627 -0.012925 -0.002313 -0.019717 -0.065964 -0.101869 0.555933 -0.016722 0.011778 -0.052857 -0.011609 -0.001741 -0.012901 -0.018428 0.005564 -0.020771 0.000000000 1336386857.724836826 
15.679437160 -0.047473 -0.016680 0.519346 -0.005256 -0.000724 -0.097636 -0.056823 0.002733 -0.018353 0.015105 0.002565 -0.077808 -0.093004 -0.104911 0.526871 -0.059326 0.023670 -0.100482 -0.055940 -0.004941 -0.018014 0.010831 0.000980 -0.078072 0.000000000 1336386860.007287025 
17.961886168 -0.175935 0.001948 0.477331 0.029431 0.004212 -0.275256 -0.122746 0.000178 -0.013049 0.015937 0.013160 -0.178182 -0.222329 -0.105637 0.489528 -0.037857 0.015019 -0.278516 -0.110381 -0.003376 -0.014899 0.017426 0.005115 -0.176479 0.000000000 1336386862.289736032 
19.450440168 -0.351621 0.052435 0.458692 0.051033 0.031362 -0.539855 -0.107391 0.033428 -0.033817 0.021081 0.007333 -0.179315 -0.382216 -0.066014 0.470027 -0.014519 0.012284 -0.541332 -0.112931 0.014436 -0.032473 0.009496 0.006057 -0.180505 0.000000000 1336386863.778290033 
21.534415960 -0.507688 0.231253 0.398915 0.080033 0.063096 -0.912929 -0.054637 0.029217 -0.033444 0.018169 0.007814 -0.116421 -0.569620 0.080615 0.404820 0.001769 0.018712 -0.917694 -0.055424 0.010121 -0.033597 0.007791 0.004031 -0.117335 0.000000000 1336386865.862265825 
24.610761166 -0.536527 0.428560 0.314332 0.108870 0.111138 -1.270027 -0.025646 -0.015337 -0.008699 0.011639 -0.006785 -0.045129 -0.649509 0.236570 0.304729 0.019013 0.030531 -1.278780 -0.030765 -0.027384 -0.009576 0.004731 -0.005252 -0.045264 0.000000000 1336386868.938611031 
29.274897099 -0.637032 0.527436 0.279789 0.137222 0.099866 -1.483740 0.009004 -0.033548 -0.004341 0.001222 0.005596 -0.005065 -0.812691 0.338783 0.262045 0.034250 0.009341 -1.490281 0.004783 -0.043640 -0.004662 -0.004007 0.007988 -0.005461 0.000000000 1336386873.602746964 
34.832165956 -0.813826 0.466971 0.225648 0.141666 0.134492 -1.507568 -0.042697 -0.171220 -0.006601 -0.007006 -0.016416 -0.039986 -1.051286 0.293185 0.227603 0.011732 0.054741 -1.519103 -0.045656 -0.179843 -0.005933 -0.010490 -0.014880 -0.040091 0.000000000 1336386879.160015821 
36.419957161 -1.085608 0.523631 0.186417 0.121298 0.117347 -1.574549 -0.036686 -0.195143 -0.018886 0.001022 0.016489 -0.064076 -1.340104 0.351421 0.218818 -0.008441 0.031751 -1.583048 -0.039355 -0.205192 -0.018218 -0.002953 0.017758 -0.063591 0.000000000 1336386880.747807026 
37.710036993 -1.332358 0.577958 0.137687 0.112859 0.148081 -1.654883 -0.014886 -0.171069 -0.025427 0.001718 -0.006212 -0.017323 -1.604357 0.406084 0.199174 -0.014835 0.053860 -1.665374 -0.017426 -0.174875 -0.024097 0.001009 -0.004917 -0.016232 0.000000000 1336386882.037886858 
39.198592186 -1.577580 0.630435 0.075395 0.111408 0.141744 -1.681816 -0.036972 -0.205820 -0.011457 -0.005398 0.006515 -0.053202 -1.861397 0.458216 0.168613 -0.014626 0.046168 -1.689449 -0.045346 -0.213377 -0.011333 -0.008240 0.010659 -0.052740 0.000000000 1336386883.526442051 
40.488672018 -1.832277 0.712624 0.038367 0.094579 0.157398 -1.749929 -0.005690 -0.189006 -0.019687 0.005914 -0.002252 -0.003930 -2.127942 0.549336 0.160731 -0.028376 0.058815 -1.757795 -0.010526 -0.190631 -0.018459 0.006610 0.000249 -0.003100 0.000000000 1336386884.816521883 
41.877989054 -2.084124 0.774450 -0.011779 0.101885 0.154796 -1.755730 0.038786 -0.142046 -0.005145 -0.016029 0.000132 0.048797 -2.385870 0.614080 0.143501 -0.019446 0.059038 -1.762117 0.032864 -0.147012 -0.004281 -0.017438 0.003438 0.048690 0.000000000 1336386886.205838919 
43.763489962 -2.357291 0.757828 -0.059505 0.085482 0.145046 -1.663201 -0.014552 -0.237140 0.001553 0.000468 0.008280 -0.013534 -2.669839 0.606235 0.137170 -0.046831 0.067054 -1.670250 -0.019571 -0.243235 0.003204 -0.001366 0.010823 -0.013406 0.000000000 1336386888.091339827 
44.954334021 -2.635734 0.804083 -0.079034 0.083807 0.156230 -1.678604 0.023224 -0.169110 0.001789 -0.017143 -0.008912 0.031074 -2.955375 0.656926 0.156064 -0.049568 0.079173 -1.686851 0.021236 -0.178271 0.001995 -0.020904 -0.007635 0.030837 0.000000000 1336386889.282183886 
46.542124987 -2.905577 0.799723 -0.104179 0.064035 0.137820 -1.630169 0.011883 -0.179870 -0.005055 0.005011 0.017542 -0.006617 -3.240077 0.654907 0.170531 -0.078779 0.069393 -1.637231 0.009572 -0.185330 -0.003871 0.003100 0.018721 -0.006714 0.000000000 1336386890.869974852 
48.030678034 -3.172661 0.801439 -0.131018 0.070377 0.164505 -1.638437 -0.057633 -0.119635 -0.022128 0.011842 -0.004208 -0.082435 -3.515958 0.657908 0.185471 -0.075036 0.096382 -1.649440 -0.058364 -0.129555 -0.020245 0.007076 -0.004344 -0.081788 0.000000000 1336386892.358527899 
49.519232988 -3.341363 0.905142 -0.161735 0.067128 0.165612 -1.762995 -0.221392 0.017704 0.003178 0.009411 0.012241 -0.341386 -3.703011 0.760898 0.178310 -0.075602 0.080124 -1.770741 -0.212389 0.006542 0.003258 0.006609 0.005569 -0.339200 0.000000000 1336386893.847082853 
50.710076094 -3.271457 1.155580 -0.113153 0.006702 0.193105 -2.175574 0.006311 -0.028363 0.014163 0.021362 0.005637 -0.099181 -3.645089 1.006127 0.201822 -0.093118 0.050618 -2.174537 -0.001660 -0.032459 0.011664 0.018336 0.009568 -0.097916 0.000000000 1336386895.037925959 
53.687184095 -3.356172 1.182014 -0.075933 0.012980 0.203358 -2.477082 0.103134 0.009042 0.177479 -0.010136 -0.007260 -0.032660 -3.720086 1.061166 0.245578 -0.049216 0.050106 -2.467766 0.089340 0.014065 0.169781 -0.006804 0.003270 -0.030832 0.000000000 1336386898.015033960 
54.977264166 -3.489817 1.066280 0.121570 -0.008801 0.194355 -2.520143 0.087083 -0.008508 0.131732 -0.018489 -0.006293 0.026771 -3.800533 0.959949 0.457405 -0.059957 0.052322 -2.507756 0.075268 0.003085 0.120242 -0.009168 0.004209 0.029328 0.000000000 1336386899.305114031 
56.366582155 -3.621028 0.984876 0.277871 -0.027160 0.185803 -2.482222 -0.053902 -0.009959 0.001695 0.049019 0.013038 -0.129399 -3.883231 0.881432 0.618205 -0.070535 0.060558 -2.467361 -0.079353 -0.016727 -0.006218 0.040695 0.029483 -0.131894 0.000000000 1336386900.694432020 
58.748268127 -3.536449 1.080294 0.306187 0.033531 0.199681 -2.797499 -0.143067 0.082893 -0.028235 -0.024029 -0.018688 -0.183177 -3.760758 1.031515 0.617700 0.010730 0.105790 -2.786935 -0.110118 0.064811 -0.008606 -0.028932 -0.049574 -0.185178 0.000000000 1336386903.076117992 
60.038347960 -3.323557 1.041753 0.310629 -0.045727 0.177800 -3.038307 0.092247 -0.045359 0.030677 0.029108 -0.053669 -0.031496 -3.598197 1.002431 0.622553 -0.051957 0.041366 -3.026232 0.040402 -0.025276 -0.000117 0.042070 -0.011052 -0.029101 0.000000000 1336386904.366197824 
61.626140118 -3.483276 1.095289 0.335854 -0.007803 0.090202 -3.084375 0.085969 -0.004853 -0.004605 -0.012599 0.013375 0.009974 -3.666558 1.034867 0.621797 0.013016 0.021400 -3.071467 0.056281 -0.066193 -0.005514 -0.048118 0.033241 -0.007619 0.000000000 1336386905.953989983 
63.213932037 -3.618791 1.095302 0.316336 -0.026388 0.111550 -3.068611 -0.182239 -0.194380 -0.052774 0.009438 -0.006274 -0.007365 -3.762820 1.133341 0.609764 -0.063613 0.074332 -3.082891 -0.061855 -0.160746 0.001519 0.024777 -0.098146 0.009278 0.000000000 1336386907.541781902 
64.206300020 -3.448460 1.302485 0.289499 -0.017821 0.105131 -3.075792 -0.080186 -0.013159 0.013301 -0.009655 0.046550 -0.006604 -3.711909 1.295708 0.625935 -0.038177 -0.022291 -3.067559 -0.059696 -0.027070 0.025554 -0.018338 0.028970 -0.009266 0.000000000 1336386908.534149885 
66.488749027 -3.272016 1.343664 0.339422 -0.041779 0.211077 -3.093052 -0.141774 -0.124642 0.024065 0.031898 -0.031126 -0.019411 -3.579118 1.365235 0.683524 -0.079578 0.042982 -3.091191 -0.137355 -0.141478 0.027989 0.020410 -0.036046 -0.020214 0.000000000 1336386910.816598892 
67.778829098 -3.109015 1.511131 0.414640 -0.005612 0.169853 -3.116715 -0.022536 -0.130439 -0.009995 -0.008885 0.015980 -0.023283 -3.413496 1.552887 0.741595 -0.054271 -0.005456 -3.113462 -0.028715 -0.142949 -0.010768 -0.017742 0.020375 -0.024394 0.000000000 1336386912.106678963 
69.763568163 -3.068280 1.771219 0.404080 -0.031243 0.201125 3.119150 -0.050641 -0.074466 -0.012009 -0.002547 -0.002010 -0.027820 -3.364560 1.838835 0.735334 -0.089184 0.032305 3.119196 -0.046784 -0.083351 -0.009744 -0.007884 -0.005730 -0.028011 0.000000000 1336386914.091418028 
72.046018124 -2.946810 1.939274 0.405528 -0.049879 0.194148 3.054613 -0.116911 -0.042398 0.004334 0.017245 0.013111 -0.131650 -3.253404 2.027862 0.733577 -0.109030 0.013525 3.056684 -0.118047 -0.052820 0.005870 0.010618 0.011407 -0.131924 0.000000000 1336386916.373867989 
74.229230165 -2.692024 2.009384 0.468573 -0.066221 0.200467 2.760125 -0.223121 -0.029476 -0.036878 0.019671 0.001091 -0.316272 -2.987371 2.118866 0.762347 -0.085197 0.006818 2.767683 -0.227054 -0.039462 -0.037059 0.013003 0.000759 -0.316002 0.000000000 1336386918.557080030 
75.519309998 -2.406615 1.939175 0.481836 -0.115394 0.159097 2.347433 -0.104941 -0.156828 -0.065300 0.056707 0.005855 -0.161953 -2.694411 2.062776 0.721042 -0.064164 -0.026505 2.361340 -0.103595 -0.156177 -0.066607 0.059289 0.005177 -0.160821 0.000000000 1336386919.847159863 
76.809391022 -2.155951 1.984665 0.443659 -0.072842 0.139256 2.136960 -0.088973 -0.061631 -0.045280 0.001742 0.003890 -0.130215 -2.455511 2.116974 0.644692 0.019162 -0.032479 2.153756 -0.092093 -0.068700 -0.045551 -0.002354 0.004488 -0.130068 0.000000000 1336386921.137240887 
78.992604017 -1.926826 1.887755 0.382681 -0.105330 0.121703 1.850638 -0.052628 -0.021016 -0.017479 0.009367 0.011648 -0.129231 -2.223116 2.033488 0.535915 0.022350 -0.016016 1.870016 -0.057705 -0.029525 -0.017902 0.003695 0.012761 -0.129752 0.000000000 1336386923.320453882 
81.771113157 -1.824604 1.760785 0.358588 -0.115652 0.109107 1.487955 0.060126 -0.025389 0.001906 -0.006341 -0.003812 0.016405 -2.098793 1.904936 0.481793 0.036838 0.028342 1.510527 0.062649 -0.034378 0.002917 -0.011416 -0.005013 0.016289 0.000000000 1336386926.098963022 
84.847457170 -1.732612 1.939270 0.353196 -0.129380 0.103134 1.539712 -0.018054 -0.102383 -0.013145 0.012440 -0.024616 -0.008081 -1.981356 2.090998 0.481403 0.003082 0.011052 1.560032 -0.025116 -0.110495 -0.013587 0.008613 -0.020115 -0.008066 0.000000000 1336386929.175307035 
87.030671120 -1.508580 1.893117 0.357632 -0.103490 0.047559 1.529161 0.004439 -0.075278 0.008522 -0.001250 0.007565 0.005653 -1.740821 2.033239 0.451603 0.021691 -0.032811 1.542295 0.002105 -0.084351 0.010712 -0.005951 0.009227 0.005503 0.000000000 1336386931.358520985 
89.809305191 -1.302551 1.899013 0.402157 -0.106337 0.070085 1.542642 0.049703 -0.102922 -0.028584 -0.002445 0.003183 0.035703 -1.505801 2.031578 0.476455 0.004639 -0.007505 1.558134 0.049947 -0.113850 -0.027134 -0.008104 0.003592 0.035644 0.000000000 1336386934.137155056 
91.694807053 -1.101379 1.984558 0.362681 -0.106058 0.083038 1.609169 0.034009 -0.057728 0.024563 -0.009192 0.000286 0.043947 -1.290197 2.123419 0.425007 -0.011156 -0.001027 1.625370 0.032375 -0.067989 0.027040 -0.014833 0.002166 0.043519 0.000000000 1336386936.022656918 
94.870388985 -0.931913 2.106817 0.450359 -0.122705 0.097867 1.748511 -0.010838 -0.124030 -0.036263 -0.007009 0.009971 -0.003154 -1.081188 2.237710 0.513383 -0.058296 0.007398 1.763483 -0.010247 -0.134799 -0.034353 -0.012635 0.009359 -0.003613 0.000000000 1336386939.198238850 
96.755890131 -0.690959 2.125538 0.413306 -0.136744 0.115795 1.740254 -0.021911 -0.102779 -0.027044 0.007876 0.001157 -0.009124 -0.824677 2.267697 0.463673 -0.082184 0.024617 1.755652 -0.019839 -0.110030 -0.026326 0.004402 -0.000283 -0.009328 0.000000000 1336386941.083739996 
99.038340092 -0.444649 2.113863 0.390108 -0.121178 0.115546 1.719122 0.020211 -0.095733 0.015020 -0.004471 0.003644 0.007643 -0.565304 2.269162 0.425531 -0.072639 0.022220 1.734480 0.019597 -0.107337 0.016852 -0.010938 0.004124 0.007282 0.000000000 1336386943.366189957 
101.717738152 -0.206789 2.212067 0.454349 -0.130916 0.127693 1.738426 -0.013006 -0.160227 -0.016033 0.009694 -0.014306 -0.023333 -0.294325 2.368609 0.490255 -0.101523 0.034651 1.753147 -0.016483 -0.178087 -0.013301 -0.000332 -0.012717 -0.023551 0.000000000 1336386946.045588017 
103.305528164 0.048430 2.235510 0.464886 -0.119803 0.100265 1.704501 -0.011036 -0.117335 -0.022873 -0.001414 0.010805 -0.027495 -0.010880 2.394548 0.498805 -0.103227 0.010754 1.718000 -0.014342 -0.133639 -0.018869 -0.010713 0.011943 -0.028445 0.000000000 1336386947.633378029 
105.389503956 0.297972 2.244158 0.449179 -0.128566 0.115598 1.644531 0.026235 -0.013885 -0.003455 -0.003286 -0.003058 0.023039 0.271550 2.406099 0.488712 -0.126051 0.029386 1.656459 0.024880 -0.022308 -0.002125 -0.007885 -0.002203 0.022434 0.000000000 1336386949.717353821 
108.267374992 0.333281 2.321419 0.435766 -0.129978 0.115104 1.711862 0.087997 0.007040 0.036913 -0.013626 0.001219 0.141874 0.329643 2.482981 0.488612 -0.146574 0.031145 1.721337 0.093368 -0.004045 0.039182 -0.020532 0.000198 0.141261 0.000000000 1336386952.595224857 
110.649062157 0.274894 2.533271 0.496132 -0.116958 0.154512 2.050593 0.055219 0.005476 0.032975 -0.018920 0.004757 0.158908 0.291819 2.705003 0.575367 -0.177157 0.078132 2.055014 0.059554 -0.002353 0.033963 -0.023913 0.004790 0.158419 0.000000000 1336386954.976912022 
114.221592188 0.147338 2.706531 0.579121 -0.082381 0.209944 2.625680 0.018414 -0.006118 0.035103 -0.016650 0.012285 0.117339 0.177085 2.894979 0.679308 -0.193793 0.177796 2.617324 0.017938 -0.008526 0.036372 -0.017563 0.013326 0.117039 0.000000000 1336386958.549442053 
118.885728121 0.051651 2.778005 0.723106 -0.036329 0.278908 -3.094576 -0.032602 -0.157579 -0.011202 0.011161 -0.016957 -0.011003 0.082318 2.957115 0.835892 -0.155773 0.314220 -3.116581 -0.035939 -0.182720 -0.005566 -0.006286 -0.015014 -0.011883 0.000000000 1336386963.213577986 
120.473518133 0.091967 3.030863 0.729006 -0.023300 0.251329 -3.111584 -0.017000 -0.142038 -0.009468 0.011263 0.005276 -0.017969 0.118158 3.246080 0.888032 -0.170596 0.287707 -3.132156 -0.020499 -0.161541 -0.009165 -0.002536 0.006860 -0.019457 0.000000000 1336386964.801367998 
122.259783983 0.116477 3.285756 0.725907 -0.011483 0.259869 3.138172 -0.015633 -0.117467 -0.013698 -0.003509 0.000816 -0.007369 0.141237 3.533457 0.929927 -0.185794 0.293688 3.113075 -0.016190 -0.134169 -0.013762 -0.014535 0.000745 -0.007767 0.000000000 1336386966.587633848 
124.442996025 0.157266 3.542401 0.708624 -0.023428 0.261431 3.121498 0.027792 -0.046644 -0.001847 -0.008881 -0.000509 0.049965 0.176309 3.826004 0.963688 -0.222628 0.292110 3.095358 0.028111 -0.056175 -0.001942 -0.014824 0.000152 0.049539 0.000000000 1336386968.770845890 
127.221631050 0.085829 3.673553 0.686641 -0.010852 0.260685 -3.017969 0.097093 -0.002036 0.026533 -0.020136 -0.000550 0.144722 0.100280 3.983114 0.969159 -0.221178 0.320096 -3.046464 0.097164 -0.005117 0.028445 -0.021622 0.000286 0.144517 0.000000000 1336386971.549480915 
129.801791191 -0.172454 3.646004 0.688271 0.035005 0.244875 -2.632493 0.100601 -0.021544 0.034137 -0.012772 -0.000305 0.157164 -0.159638 3.955080 0.960991 -0.141233 0.378555 -2.654150 0.099386 -0.025002 0.035614 -0.014317 0.001498 0.156901 0.000000000 1336386974.129641056 
132.183477163 -0.418627 3.570582 0.707273 0.092950 0.214163 -2.249253 0.098616 0.011618 0.022253 -0.024198 0.020081 0.153575 -0.406147 3.877616 0.959330 -0.019789 0.406176 -2.250389 0.104806 0.007740 0.023899 -0.028102 0.016733 0.153248 0.000000000 1336386976.511327028 
134.664401054 -0.558000 3.360123 0.711604 0.107765 0.213429 -1.856095 0.052594 -0.003570 0.013079 -0.009691 -0.000592 0.081456 -0.555044 3.660920 0.910706 0.073115 0.424020 -1.832502 0.054609 -0.011513 0.014476 -0.015517 -0.000209 0.080935 0.000000000 1336386978.992250919 
139.030826092 -0.645216 3.139651 0.716811 0.133109 0.160125 -1.498093 0.010112 -0.071965 -0.015850 -0.002485 0.001776 0.005086 -0.670480 3.441564 0.866714 0.153828 0.370552 -1.453251 0.009839 -0.078543 -0.014448 -0.006830 0.002011 0.004785 0.000000000 1336386983.358675957 
142.404882193 -0.876708 3.102646 0.627231 0.127584 0.163761 -1.480050 -0.033391 -0.157468 0.001966 0.008666 0.007987 -0.026496 -0.923276 3.412926 0.771940 0.137376 0.374729 -1.434991 -0.023207 -0.157858 -0.003886 0.009862 0.001044 -0.025749 0.000000000 1336386986.732732058 
143.992673159 -1.129242 3.136893 0.607541 0.134604 0.181559 -1.520830 0.008791 -0.079081 -0.004262 -0.012504 0.004202 -0.008529 -1.175083 3.428066 0.747798 0.137043 0.381648 -1.478386 0.005966 -0.082472 -0.002868 -0.014121 0.006371 -0.008142 0.000000000 1336386988.320523024 
146.374359131 -1.313580 3.113442 0.569007 0.101349 0.194170 -1.539975 -0.022099 -0.152039 -0.030279 0.006101 -0.018981 -0.020182 -1.367841 3.409526 0.711322 0.096479 0.399269 -1.496984 -0.023561 -0.161366 -0.028510 0.000861 -0.018050 -0.020115 0.000000000 1336386990.702208996 
148.160624027 -1.579846 3.159676 0.496866 0.104544 0.163935 -1.579785 0.016500 -0.124217 -0.008990 0.002605 0.005534 0.010314 -1.654179 3.457817 0.655398 0.081790 0.370322 -1.538662 0.014730 -0.130791 -0.007216 -0.000478 0.006829 0.009848 0.000000000 1336386992.488473892 
150.145363092 -1.823393 3.136649 0.448632 0.113259 0.172684 -1.557957 0.006781 -0.187554 -0.015403 -0.001881 -0.006118 -0.001020 -1.911131 3.435138 0.611741 0.088861 0.382151 -1.516476 -0.007417 -0.193256 -0.010376 -0.004616 0.003542 -0.000639 0.000000000 1336386994.473212957 
151.534680128 -2.079848 3.132788 0.397056 0.110237 0.164399 -1.560358 -0.001530 -0.128956 0.003395 -0.020096 0.003560 0.002122 -2.178185 3.444454 0.580153 0.082269 0.387131 -1.516958 -0.001437 -0.134377 0.003741 -0.023059 0.003645 0.002418 0.000000000 1336386995.862529993 
153.519420147 -2.335034 3.136631 0.376382 0.071178 0.170957 -1.555321 0.020470 -0.117521 0.008957 0.001280 -0.010395 0.030940 -2.444648 3.438227 0.567787 0.038702 0.393940 -1.511135 0.014668 -0.121601 0.009905 -0.000076 -0.006432 0.031281 0.000000000 1336386997.847270012 
155.603394985 -2.579969 3.090595 0.370308 0.084507 0.144427 -1.491904 -0.004759 -0.141519 -0.011041 0.003137 0.006323 0.003731 -2.696289 3.390758 0.566047 0.065129 0.377163 -1.441629 -0.004018 -0.150693 -0.008611 -0.002209 0.005687 0.003497 0.000000000 1336386999.931244850 
157.389659166 -2.830542 3.085142 0.330970 0.091220 0.155114 -1.484217 -0.026855 -0.184474 -0.018403 -0.003989 0.003375 -0.036531 -2.964085 3.374910 0.538132 0.063927 0.386885 -1.434184 -0.029412 -0.195855 -0.017170 -0.010909 0.004558 -0.036570 0.000000000 1336387001.717509031 
158.778977156 -3.086333 3.107510 0.288512 0.077719 0.164208 -1.535015 -0.033984 -0.243402 -0.010547 -0.001822 -0.001953 -0.042265 -3.238865 3.391021 0.515405 0.028129 0.395932 -1.488703 -0.039610 -0.245162 -0.009927 -0.002584 0.002184 -0.040708 0.000000000 1336387003.106827021 
159.870583057 -3.351664 3.139885 0.262900 0.067999 0.165487 -1.581818 0.023207 -0.108389 0.003548 -0.010987 0.004227 0.018509 -3.509027 3.415924 0.515142 0.006721 0.399153 -1.536842 0.019125 -0.105720 0.003737 -0.009039 0.006828 0.018934 0.000000000 1336387004.198432922 
162.153032064 -3.599581 3.091808 0.245563 0.050018 0.172090 -1.538374 -0.041840 -0.145661 0.035711 -0.009079 -0.023934 -0.035177 -3.748784 3.364851 0.504541 0.004469 0.414049 -1.489526 -0.041951 -0.100411 0.016469 0.023908 -0.019525 -0.029731 0.000000000 1336387006.480881929 
163.641462088 -3.820413 3.138796 0.297851 0.027117 0.138875 -1.592943 0.013172 0.037802 0.002170 0.001793 0.013562 0.002446 -3.901714 3.400124 0.551492 0.020792 0.384758 -1.537392 0.010438 0.010516 0.014667 -0.018830 0.014402 -0.000376 0.000000000 1336387007.969311953 
166.221621990 -3.723861 3.101850 0.301308 0.032779 0.173678 -1.585579 -0.063649 -0.028821 -0.020050 0.007901 -0.003733 -0.080669 -3.874074 3.361650 0.576975 -0.027859 0.421929 -1.537607 -0.060868 -0.017024 -0.026363 0.016708 -0.002854 -0.077730 0.000000000 1336387010.549471855 
168.504072189 -3.785864 3.254150 0.279239 0.018132 0.168194 -1.772548 -0.056997 0.026246 -0.019972 0.017460 0.001552 -0.077413 -3.919578 3.511157 0.579982 -0.067849 0.403521 -1.730423 -0.054652 0.012033 -0.015469 0.008390 -0.002192 -0.077971 0.000000000 1336387012.831922054 
171.084232092 -3.687873 3.390690 0.254273 0.029119 0.172420 -1.975224 -0.097660 0.016880 -0.025784 0.019436 0.008557 -0.148525 -3.868438 3.650954 0.596793 -0.128952 0.375872 -1.946000 -0.098612 0.017256 -0.030125 0.020212 0.009462 -0.148253 0.000000000 1336387015.412081957 
173.366682053 -3.560587 3.585847 0.235667 0.013794 0.191713 -2.319976 -0.083353 0.025661 -0.040566 0.020360 0.005338 -0.134362 -3.753746 3.859700 0.611277 -0.204783 0.332501 -2.304783 -0.084462 0.019556 -0.041225 0.017256 0.004303 -0.134969 0.000000000 1336387017.694531918 
175.946842194 -3.353807 3.708846 0.174804 -0.000541 0.198610 -2.673628 -0.094619 0.028647 -0.032492 0.022896 0.007175 -0.152523 -3.570131 4.021772 0.574271 -0.262017 0.254212 -2.659708 -0.103425 0.012467 -0.033350 0.012960 0.008266 -0.153751 0.000000000 1336387020.274692059 
178.328529119 -3.112244 3.754533 0.143368 -0.017607 0.202344 -3.044772 -0.003196 0.011006 -0.021642 0.012020 -0.002310 -0.026961 -3.336305 4.134919 0.554521 -0.303894 0.164155 -3.023317 -0.007008 0.002562 -0.022611 0.007287 -0.000632 -0.027092 0.000000000 1336387022.656378984 
182.099532127 -3.080152 3.717401 0.065138 0.007070 0.190795 3.135036 0.003268 -0.057994 0.012706 -0.000602 -0.002747 0.006673 -3.298666 4.155802 0.475722 -0.290880 0.130585 -3.120903 0.002261 -0.068605 0.014999 -0.005961 -0.002246 0.005938 0.000000000 1336387026.427381992 
184.977404118 -3.095001 3.884656 0.098097 0.009028 0.182719 -3.128679 0.006459 -0.095718 0.005511 -0.012688 0.007027 0.004590 -3.321528 4.332130 0.572018 -0.305598 0.129272 -3.102526 0.005875 -0.106864 0.008634 -0.018314 0.007207 0.004237 0.000000000 1336387029.305253983 
187.359090090 -3.115082 4.112496 0.106183 -0.019135 0.199344 -3.117373 -0.032094 -0.166940 -0.023551 -0.010269 -0.012492 -0.020170 -3.357022 4.567462 0.665597 -0.348678 0.148676 -3.098019 -0.035929 -0.173790 -0.023348 -0.013175 -0.010527 -0.019922 0.000000000 1336387031.686939955 
188.847645044 -3.068304 4.362827 0.085948 -0.040386 0.180089 3.135667 -0.017421 -0.152774 0.007552 0.005560 0.012277 -0.031220 -3.323535 4.824167 0.728626 -0.371603 0.123781 -3.120704 -0.021128 -0.161390 0.009403 0.001574 0.014121 -0.030607 0.000000000 1336387033.175494909 
190.534672976 -3.042011 4.619686 0.113975 -0.040721 0.198397 3.081144 -0.086895 -0.006366 -0.008680 0.010274 0.000177 -0.131587 -3.307378 5.072484 0.845800 -0.375491 0.127040 3.105264 -0.089952 -0.022811 -0.008067 0.001639 -0.001664 -0.131852 0.000000000 1336387034.862522840 
193.214070082 -2.808647 4.623585 0.137763 -0.079785 0.172512 2.723311 -0.117818 0.016116 -0.035140 0.029797 0.011432 -0.201547 -3.066400 5.128557 0.878626 -0.390998 -0.011099 2.779263 -0.122871 -0.000290 -0.036233 0.021104 0.010208 -0.201985 0.000000000 1336387037.541919947 
195.198808193 -2.597529 4.500930 0.106901 -0.082085 0.150342 2.317949 -0.085624 0.025462 -0.045948 0.018231 0.003398 -0.155305 -2.829166 5.068509 0.809657 -0.315684 -0.140634 2.397987 -0.088595 0.015313 -0.048277 0.013433 0.002713 -0.155051 0.000000000 1336387039.526658058 
197.679732084 -2.482043 4.297363 0.021268 -0.087479 0.116897 1.930500 -0.059078 0.006833 -0.026188 0.011843 0.004689 -0.095457 -2.681222 4.933897 0.654441 -0.208286 -0.241274 2.019524 -0.060251 -0.002094 -0.027804 0.007944 0.003572 -0.095366 0.000000000 1336387042.007581949 
201.153025150 -2.421192 4.090967 -0.046853 -0.079753 0.098294 1.597135 0.017433 -0.084829 -0.004345 -0.006317 0.002837 0.012475 -2.578301 4.782574 0.514153 -0.089503 -0.283212 1.678948 0.015146 -0.091702 -0.004165 -0.008760 0.004145 0.012591 0.000000000 1336387045.480875015 
204.328606129 -2.153132 4.153898 -0.044615 -0.095928 0.110356 1.636141 -0.049136 -0.198432 -0.010201 0.013381 -0.001199 -0.053139 -2.293375 4.856350 0.539936 -0.128452 -0.266314 1.719003 -0.048651 -0.205451 -0.010994 0.011709 -0.001746 -0.052152 0.000000000 1336387048.656455994 
205.618687153 -1.893570 4.109005 -0.026284 -0.085975 0.101999 1.567696 0.009481 -0.112534 -0.020515 -0.002795 0.000294 0.010374 -2.021880 4.830370 0.542604 -0.094898 -0.276556 1.649940 0.006955 -0.123343 -0.020708 -0.006747 0.001663 0.010637 0.000000000 1336387049.946537018 
207.702664137 -1.656195 4.125639 -0.050637 -0.089580 0.104442 1.589300 -0.008778 -0.148658 0.002471 -0.008059 -0.003154 -0.004777 -1.764221 4.869889 0.528665 -0.115097 -0.270938 1.672503 -0.009755 -0.159440 0.003442 -0.011884 -0.002709 -0.004569 0.000000000 1336387052.030514002 
209.488927126 -1.391923 4.117867 -0.021004 -0.104812 0.098063 1.581266 0.005265 -0.204577 -0.007258 0.009330 -0.010660 0.022978 -1.480709 4.871504 0.561401 -0.134222 -0.276674 1.664652 0.006939 -0.211274 -0.006623 0.007784 -0.011151 0.023563 0.000000000 1336387053.816776991 
210.779008150 -1.128576 4.129177 -0.003457 -0.089697 0.087440 1.612302 0.037665 -0.176569 -0.003581 -0.022976 0.024513 0.000542 -1.210740 4.897883 0.590788 -0.133250 -0.286718 1.698064 0.028636 -0.188304 -0.002542 -0.027189 0.028953 0.000845 0.000000000 1336387055.106858015 
212.168325186 -0.886242 4.192903 0.008927 -0.121873 0.121427 1.609985 0.026505 -0.186744 -0.012365 0.010389 -0.019075 0.043351 -0.956798 4.959937 0.632020 -0.169911 -0.246691 1.693753 0.022092 -0.196788 -0.010456 0.007204 -0.016792 0.043809 0.000000000 1336387056.496175051 
213.557641983 -0.628332 4.241352 0.018850 -0.099574 0.102198 1.673304 0.041974 -0.183555 -0.003756 -0.029791 0.009448 0.043275 -0.689625 5.015092 0.670463 -0.175737 -0.258884 1.759883 0.038783 -0.196572 -0.002003 -0.034904 0.011471 0.043473 0.000000000 1336387057.885491848 
214.946958065 -0.381541 4.327123 0.032954 -0.134789 0.121056 1.732248 -0.003209 -0.215614 -0.000109 0.014262 0.003632 -0.001770 -0.432670 5.105566 0.727764 -0.238872 -0.232215 1.818115 -0.005160 -0.228672 0.000295 0.009497 0.004746 -0.000673 0.000000000 1336387059.274807930 
216.137803078 -0.130457 4.368380 0.067539 -0.118131 0.125059 1.729557 -0.017009 -0.157446 -0.007106 -0.017725 -0.004520 -0.019244 -0.171107 5.150065 0.789383 -0.227066 -0.226913 1.815943 -0.019260 -0.162527 -0.007062 -0.019088 -0.003415 -0.019032 0.000000000 1336387060.465652943 
217.824830055 0.135504 4.384580 0.090366 -0.151912 0.113599 1.698014 -0.008823 -0.126647 -0.013770 0.021894 -0.002253 -0.010928 0.101077 5.173903 0.830906 -0.252224 -0.239649 1.785076 -0.009501 -0.143551 -0.012903 0.015042 -0.001872 -0.010225 0.000000000 1336387062.152679920 
219.710332155 0.375482 4.399809 0.102656 -0.112850 0.106260 1.678178 0.071381 0.016032 0.009620 -0.015784 0.005880 0.081275 0.369037 5.203722 0.869385 -0.219467 -0.247840 1.766727 0.070412 0.005486 0.011941 -0.020301 0.007261 0.080833 0.000000000 1336387064.038182020 
222.488965988 0.307098 4.593102 0.103042 -0.130254 0.145074 1.903036 0.152587 0.014762 0.025737 -0.034380 -0.000859 0.215323 0.311821 5.378467 0.945558 -0.323968 -0.173888 1.984652 0.147212 -0.003031 0.028051 -0.040639 0.004241 0.213763 0.000000000 1336387066.816815853 
224.175994158 0.193468 4.829436 0.105226 -0.127959 0.180352 2.269492 0.153348 0.000495 0.062290 -0.020913 0.008725 0.216829 0.207334 5.590949 1.034314 -0.431221 -0.044586 2.323654 0.144256 -0.017787 0.066624 -0.027403 0.015669 0.215848 0.000000000 1336387068.503844023 
225.664548159 0.028804 5.005919 0.154660 -0.094935 0.224467 2.596238 0.147804 0.023204 0.052361 -0.054403 -0.000027 0.244118 0.051047 5.732305 1.144946 -0.466327 0.110947 2.606178 0.145235 0.013058 0.052612 -0.057793 0.003282 0.243677 0.000000000 1336387069.992398024 
227.252339125 -0.205001 5.095658 0.179706 -0.087850 0.243358 2.994374 0.031925 -0.018739 0.011318 -0.002912 0.001151 0.056018 -0.180893 5.804693 1.184307 -0.489186 0.279384 2.961819 0.028728 -0.028068 0.012720 -0.006713 0.003873 0.055836 0.000000000 1336387071.580188990 
231.618765116 -0.340954 5.193834 0.200861 -0.037841 0.262262 -3.036839 -0.018235 -0.142133 -0.014694 0.007361 -0.003998 -0.013284 -0.313776 5.912269 1.252199 -0.445093 0.401650 -3.096640 -0.021468 -0.148891 -0.013152 0.004872 -0.002447 -0.013158 0.000000000 1336387075.946614981 
233.405030012 -0.332014 5.450877 0.193251 -0.030961 0.254154 -3.061058 -0.004059 -0.133623 -0.007131 -0.011785 -0.005624 -0.014932 -0.326196 6.162125 1.353067 -0.444469 0.387508 -3.117520 -0.009799 -0.145652 -0.004934 -0.016948 -0.002842 -0.014823 0.000000000 1336387077.732879877 
235.290531158 -0.343509 5.703011 0.189718 -0.060374 0.242583 -3.089707 0.011537 -0.078762 -0.006135 0.000212 0.001318 0.004841 -0.356596 6.413410 1.461601 -0.485601 0.370547 3.141068 0.006324 -0.089136 -0.004560 -0.004040 0.004096 0.005153 0.000000000 1336387079.618381023 
238.366876125 -0.389504 5.943945 0.177096 -0.056093 0.247502 -3.074626 0.116797 0.018268 0.026310 -0.028290 0.003477 0.167292 -0.416453 6.662502 1.562292 -0.494867 0.389077 -3.133323 0.119524 0.009226 0.028376 -0.032324 0.004009 0.166655 0.000000000 1336387082.694725990 
240.450852156 -0.635070 5.886298 0.168473 -0.025223 0.258698 -2.714506 0.133496 -0.011330 0.062494 -0.016589 -0.002058 0.206830 -0.662817 6.615459 1.507508 -0.404664 0.538716 -2.781808 0.132949 -0.026464 0.065544 -0.023292 0.001179 0.206468 0.000000000 1336387084.778702021 
242.237117052 -0.878204 5.794783 0.215845 0.042240 0.246293 -2.333002 0.138594 0.051146 0.031767 -0.034082 0.005512 0.225413 -0.913298 6.518416 1.494027 -0.205492 0.646040 -2.354982 0.138153 0.020016 0.032493 -0.048590 0.012238 0.223089 0.000000000 1336387086.564966917 
244.023382187 -0.989898 5.549066 0.214210 0.076041 0.219554 -1.919802 0.128317 0.013669 0.043582 -0.010481 0.001244 0.201015 -1.040354 6.324722 1.385004 0.021436 0.688032 -1.847648 0.128549 -0.005111 0.044946 -0.019602 0.004905 0.200115 0.000000000 1336387088.351232052 
245.908758163 -1.058608 5.303360 0.243395 0.132696 0.178130 -1.535381 0.009173 -0.088863 0.012569 0.000142 0.002475 0.017334 -1.117212 6.096131 1.296386 0.277392 0.632758 -1.373059 0.006627 -0.095883 0.013319 -0.002766 0.004054 0.017251 0.000000000 1336387090.236608028 
248.687393188 -1.306919 5.269116 0.240798 0.141690 0.178366 -1.485946 -0.023487 -0.157973 -0.008207 -0.032282 -0.010082 -0.023881 -1.379818 6.050907 1.255365 0.305361 0.629586 -1.312192 -0.022941 -0.164677 -0.007994 -0.034521 -0.010505 -0.023840 0.000000000 1336387093.015243053 
250.374421120 -1.571932 5.294853 0.197301 0.079517 0.167054 -1.528826 0.002815 -0.184358 -0.018822 0.028139 0.006274 -0.015364 -1.654563 6.069291 1.200248 0.215181 0.624078 -1.366031 -0.001326 -0.186152 -0.019483 0.028614 0.008510 -0.015025 0.000000000 1336387094.702270985 
251.862975121 -1.843202 5.287601 0.147570 0.117661 0.178139 -1.551235 0.015518 -0.094096 -0.000260 -0.016661 -0.000067 0.015743 -1.924274 6.067136 1.130396 0.243794 0.641095 -1.389917 0.014236 -0.100591 0.000608 -0.019307 0.000740 0.015409 0.000000000 1336387096.190824986 
254.443135023 -2.083511 5.248657 0.111770 0.081828 0.173055 -1.510306 -0.028231 -0.173279 -0.010054 0.009748 0.002293 -0.028504 -2.173683 6.028762 1.059438 0.222745 0.632787 -1.341492 -0.024644 -0.175722 -0.009764 0.010075 0.000565 -0.028048 0.000000000 1336387098.770984888 
255.931687117 -2.341769 5.280697 0.083545 0.088917 0.179769 -1.553002 -0.005891 -0.174265 -0.005705 -0.006794 -0.005656 -0.018587 -2.435385 6.041753 1.023107 0.207624 0.642221 -1.392117 -0.008434 -0.191383 -0.002433 -0.014551 -0.004393 -0.018514 0.000000000 1336387100.259536982 
257.420243025 -2.599606 5.290370 0.054127 0.073634 0.173766 -1.581740 0.007113 -0.136186 0.006585 -0.001023 0.011681 -0.018063 -2.717394 6.038937 0.980765 0.164722 0.641203 -1.427452 0.003216 -0.145147 0.008796 -0.004930 0.013695 -0.018121 0.000000000 1336387101.748092890 
259.404982090 -2.870251 5.280610 0.044939 0.065577 0.199421 -1.616466 -0.027745 -0.211163 -0.013085 0.017438 -0.017743 -0.034099 -3.003327 6.010640 0.952892 0.131179 0.673545 -1.467125 -0.030299 -0.222375 -0.011581 0.012681 -0.016316 -0.033196 0.000000000 1336387103.732831955 
260.595826149 -3.118123 5.330709 0.020092 0.077863 0.180821 -1.659057 0.093966 -0.001555 0.010780 -0.021631 0.004483 0.098768 -3.268698 6.041681 0.937637 0.113274 0.658765 -1.519905 0.092835 -0.012098 0.011868 -0.026382 0.006078 0.098032 0.000000000 1336387104.923676014 
262.779038191 -3.141473 5.125994 0.006021 0.067903 0.169704 -1.440125 0.049788 -0.069278 0.038575 -0.005633 -0.018269 0.060337 -3.288970 5.866224 0.831565 0.214859 0.630520 -1.253665 0.049402 -0.075461 0.040602 -0.008183 -0.017452 0.060499 0.000000000 1336387107.106888056 
265.160724163 -3.293868 4.974379 0.065304 0.077684 0.114904 -1.298935 0.094317 0.016836 0.005818 -0.007641 0.020051 0.110597 -3.435434 5.683281 0.807558 0.285005 0.553246 -1.098714 0.090574 0.002765 0.007548 -0.014109 0.023829 0.109193 0.000000000 1336387109.488574028 
267.641648054 -3.191872 4.759400 0.055992 0.087545 0.139058 -1.018964 0.106669 0.010471 0.048842 -0.031982 0.006058 0.155577 -3.342564 5.504293 0.706415 0.404669 0.511796 -0.780277 0.104754 0.002291 0.049839 -0.035479 0.008677 0.155433 0.000000000 1336387111.969497919 
269.924098015 -3.045271 4.548090 0.134295 0.057593 0.113734 -0.661623 0.098311 0.014257 0.038775 -0.023448 -0.013115 0.180514 -3.185420 5.292496 0.682282 0.473460 0.363781 -0.422757 0.096761 0.003015 0.039922 -0.028520 -0.009228 0.180043 0.000000000 1336387114.251947880 
272.405021191 -2.827001 4.415860 0.204055 0.042795 0.045239 -0.216419 0.049990 -0.001984 0.025916 -0.008131 0.001956 0.098970 -2.966911 5.151971 0.682435 0.501807 0.118025 -0.036711 0.052473 -0.012996 0.027326 -0.014574 0.002524 0.098600 0.000000000 1336387116.732871056 
275.481366158 -2.675489 4.372812 0.276412 0.029380 0.036345 0.088232 0.016749 -0.091250 -0.002096 0.002887 0.010952 0.004904 -2.803077 5.070418 0.717517 0.468593 -0.023544 0.232192 0.006975 -0.092678 -0.001660 0.002848 0.017039 0.005514 0.000000000 1336387119.809216022 
278.061527014 -2.612194 4.142315 0.262528 0.037327 0.064216 0.101733 0.003110 -0.136725 -0.000667 -0.012874 -0.006388 -0.002267 -2.734358 4.869423 0.606154 0.475396 0.009268 0.264729 -0.000673 -0.140774 -0.000106 -0.014433 -0.004099 -0.002189 0.000000000 1336387122.389376879 
280.145502090 -2.577615 3.859683 0.250115 0.010166 0.051089 0.096510 0.026453 -0.155662 -0.008872 -0.009419 -0.011487 0.029176 -2.668693 4.617076 0.471703 0.445247 0.003762 0.256762 0.020721 -0.161008 -0.006924 -0.011424 -0.007904 0.029944 0.000000000 1336387124.473351955 
281.832530022 -2.508861 3.602673 0.230223 -0.003231 0.031150 0.145545 -0.000971 -0.230598 -0.012809 -0.007970 -0.003707 -0.020177 -2.574370 4.393591 0.344046 0.425788 -0.030027 0.296616 -0.015950 -0.255125 -0.006058 -0.022146 0.004915 -0.021194 0.000000000 1336387126.160379887 
282.924137115 -2.473801 3.353355 0.217093 -0.012616 0.027024 0.123525 -0.008120 -0.249767 -0.031910 0.060053 0.008290 -0.020621 -2.514204 4.149624 0.222526 0.402105 -0.015580 0.277760 -0.015577 -0.283868 -0.029930 0.039906 0.012083 -0.022450 0.000000000 1336387127.251986980 
283.916506052 -2.451974 3.105918 0.188785 0.046426 0.034987 0.102948 -0.004332 -0.177493 -0.017365 -0.027917 -0.005483 -0.004378 -2.459111 3.907854 0.084724 0.441930 0.004175 0.261953 -0.006900 -0.192807 -0.015968 -0.036623 -0.004218 -0.005463 0.000000000 1336387128.244355917 
285.504297018 -2.431426 2.826311 0.148429 0.001842 0.026612 0.095598 0.000825 -0.186563 -0.003346 0.044280 0.000283 0.003514 -2.401459 3.648038 -0.069078 0.383720 0.001831 0.251249 -0.003427 -0.214028 -0.007529 0.028505 0.002622 0.002247 0.000000000 1336387129.832146883 
286.992851019 -2.403842 2.549983 0.142906 0.067895 0.027024 0.100831 -0.008996 -0.183338 -0.012785 -0.024160 0.001734 -0.003882 -2.334227 3.364626 -0.198733 0.426158 0.004198 0.255812 -0.013824 -0.197217 -0.012979 -0.031289 0.004083 -0.004456 0.000000000 1336387131.320700884 
288.481405020 -2.390891 2.278920 0.105780 0.031779 0.029991 0.095238 0.005392 -0.210778 0.006324 0.026786 -0.005776 0.019833 -2.289082 3.108386 -0.337591 0.379574 0.012474 0.252284 0.003884 -0.218819 0.004218 0.023412 -0.005067 0.020171 0.000000000 1336387132.809254885 
289.672249079 -2.360635 2.029552 0.105140 0.064371 0.022357 0.118631 -0.027107 -0.224177 -0.002940 -0.043935 0.016305 -0.031027 -2.224834 2.873082 -0.429527 0.407631 -0.002032 0.272358 -0.031376 -0.232276 -0.003220 -0.047302 0.018124 -0.031262 0.000000000 1336387134.000098944 
290.863090992 -2.361636 1.761367 0.085200 0.011225 0.044096 0.082981 -0.019870 -0.238695 -0.002768 0.017242 -0.014618 -0.000870 -2.192697 2.619977 -0.542778 0.351312 0.032540 0.246735 -0.020128 -0.240507 -0.004971 0.017546 -0.014510 -0.000432 0.000000000 1336387135.190940857 
292.053935051 -2.361923 1.476169 0.079762 0.031705 0.026701 0.081750 -0.058826 -0.276162 -0.014585 0.005053 0.009522 -0.064484 -2.154032 2.354505 -0.646063 0.372045 0.016493 0.240306 -0.061058 -0.277496 -0.015647 0.005505 0.010403 -0.063738 0.000000000 1336387136.381784916 
293.046303988 -2.398370 1.198809 0.058175 0.034957 0.038119 0.018047 0.002622 -0.196033 -0.020460 -0.017983 0.000685 0.024884 -2.154997 2.095952 -0.759620 0.376024 0.049068 0.185082 -0.000362 -0.201150 -0.020790 -0.019719 0.002462 0.024847 0.000000000 1336387137.374153852 
294.435621023 -2.391282 0.927701 0.020137 0.011271 0.037839 0.052655 -0.027150 -0.226034 -0.002218 0.010358 -0.001511 -0.000841 -2.115851 1.849620 -0.888931 0.350049 0.039547 0.218472 -0.026473 -0.224886 -0.003654 0.012080 -0.001686 0.000299 0.000000000 1336387138.763470888 
295.626465082 -2.409596 0.657238 0.015690 0.023567 0.036051 0.051633 0.011324 -0.035730 0.002865 -0.012091 -0.000022 0.037443 -2.096104 1.597843 -0.983539 0.364421 0.037539 0.218118 0.012240 -0.042370 0.003364 -0.015377 -0.000061 0.037315 0.000000000 1336387139.954314947 
299.198995113 -2.362363 0.531655 0.021450 -0.015031 0.032507 0.185430 0.129770 -0.020691 0.033588 -0.019511 0.007018 0.188941 -2.023479 1.464694 -1.027869 0.311195 -0.010345 0.342553 0.123324 -0.032853 0.035324 -0.024058 0.012806 0.187781 0.000000000 1336387143.526844978 
300.985260010 -2.126073 0.539297 0.074429 -0.038268 0.048185 0.523069 0.108844 -0.038109 0.032391 -0.026745 0.001914 0.187166 -1.791155 1.467719 -0.983494 0.247956 -0.088869 0.669920 0.104458 -0.048917 0.034697 -0.030879 0.006659 0.186133 0.000000000 1336387145.313109875 
303.069235086 -1.888507 0.587659 0.133913 -0.072801 0.063103 0.913468 0.052665 -0.001134 0.037268 -0.027179 0.005756 0.155703 -1.551943 1.508492 -0.919274 0.132189 -0.161913 1.054261 0.052526 -0.011454 0.039548 -0.032197 0.008799 0.154705 0.000000000 1336387147.397084951 
306.344053984 -1.782731 0.733169 0.244789 -0.121787 0.109434 1.423562 -0.013480 -0.060516 -0.006975 0.004015 -0.006117 0.021529 -1.430755 1.612012 -0.769719 -0.069352 -0.176723 1.568953 -0.015058 -0.067089 -0.006201 0.000877 -0.005033 0.021215 0.000000000 1336387150.671903849 
309.817347050 -1.580248 0.656256 0.251380 -0.099090 0.097097 1.500720 0.011081 -0.072753 0.007475 -0.000687 0.005753 0.013719 -1.196897 1.561032 -0.784170 -0.079482 -0.188562 1.645015 0.009332 -0.078826 0.009173 -0.003544 0.007045 0.013692 0.000000000 1336387154.145196915 
312.893694162 -1.357668 0.679021 0.292889 -0.097209 0.118805 1.541246 0.005574 -0.089830 -0.008533 -0.005828 -0.003007 0.004923 -0.959498 1.598054 -0.732243 -0.097988 -0.163459 1.685815 0.004068 -0.098072 -0.007250 -0.009782 -0.001936 0.005041 0.000000000 1336387157.221544027 
315.771563053 -1.097627 0.687348 0.291634 -0.112192 0.111555 1.556280 0.021118 -0.151682 -0.007137 -0.007822 0.017156 -0.011920 -0.679640 1.640891 -0.723582 -0.128604 -0.167566 1.701010 0.017593 -0.161253 -0.004925 -0.012233 0.019443 -0.011886 0.000000000 1336387160.099412918 
317.458590984 -0.841482 0.720896 0.304248 -0.128015 0.138035 1.532842 0.064376 -0.041435 0.004389 -0.007756 -0.017847 0.076997 -0.414299 1.700671 -0.692355 -0.145217 -0.137559 1.676698 0.061779 -0.054189 0.006416 -0.014220 -0.014924 0.076997 0.000000000 1336387161.786440849 
319.741039991 -0.743391 0.865844 0.305831 -0.119023 0.117721 1.713531 0.162045 0.032390 0.059797 -0.038343 0.023120 0.190554 -0.309006 1.847860 -0.640939 -0.200068 -0.143764 1.857359 0.156296 0.019381 0.062414 -0.044556 0.028938 0.190180 0.000000000 1336387164.068889856 
321.229595184 -0.836696 1.104247 0.359585 -0.138833 0.180580 1.995404 0.145897 0.005505 0.040730 -0.014583 -0.019137 0.242079 -0.415466 2.043789 -0.523167 -0.297443 -0.040793 2.125733 0.143716 -0.007424 0.041900 -0.020993 -0.014501 0.241536 0.000000000 1336387165.557445049 
322.916623116 -0.958429 1.328097 0.381059 -0.079211 0.188445 2.412101 0.180611 0.055826 0.042300 -0.053583 0.023547 0.273017 -0.549004 2.242610 -0.442086 -0.324895 0.055242 2.522607 0.178883 0.040281 0.043646 -0.062310 0.028728 0.271572 0.000000000 1336387167.244472980 
324.206703186 -1.186590 1.429979 0.385249 -0.077691 0.234436 2.770668 0.055036 -0.010099 0.025997 -0.012027 0.000843 0.105780 -0.777331 2.322732 -0.418112 -0.370402 0.197485 2.847733 0.055625 -0.018596 0.026981 -0.016925 0.002776 0.105091 0.000000000 1336387168.534553051 
327.977581978 -1.385514 1.539919 0.434977 -0.024036 0.249023 -3.101781 -0.004177 -0.081964 0.004942 0.001790 -0.001418 0.009979 -0.988503 2.416451 -0.341379 -0.333489 0.333718 -3.049116 -0.004870 -0.089360 0.005780 -0.002380 -0.000994 0.009921 0.000000000 1336387172.305431843 
330.855453014 -1.388144 1.775473 0.457213 -0.011557 0.245529 -3.072083 -0.013122 -0.166336 -0.009621 -0.018345 -0.003408 -0.012445 -1.029836 2.651190 -0.242402 -0.330505 0.340224 -3.019504 -0.014621 -0.172292 -0.008918 -0.021131 -0.002683 -0.012120 0.000000000 1336387175.183302879 
332.542481184 -1.383074 2.057288 0.449997 -0.047739 0.239482 -3.093625 -0.010789 -0.219366 -0.020141 0.016268 0.001198 -0.010946 -1.067362 2.928497 -0.158666 -0.372405 0.329252 -3.038390 -0.010961 -0.223773 -0.020662 0.014595 0.001241 -0.010158 0.000000000 1336387176.870331049 
333.733325958 -1.380450 2.319793 0.441881 -0.031558 0.240264 -3.107100 0.011437 -0.162498 -0.012685 -0.011816 0.002289 -0.002400 -1.105382 3.183102 -0.084381 -0.359027 0.326203 -3.050852 0.008516 -0.174379 -0.009550 -0.018937 0.003836 -0.002748 0.000000000 1336387178.061175823 
335.321115017 -1.404142 2.577649 0.425914 -0.051282 0.243774 -3.111142 0.014473 -0.210924 -0.006366 0.032228 -0.005500 0.007641 -1.168626 3.442991 -0.010008 -0.391203 0.330367 -3.057434 0.009521 -0.235342 -0.002771 0.016467 -0.002716 0.006372 0.000000000 1336387179.648964882 
336.710432053 -1.434063 2.869981 0.427067 -0.003776 0.236671 -3.099834 -0.010651 -0.181872 -0.003394 -0.015586 0.005444 -0.021979 -1.245774 3.741293 0.100265 -0.365009 0.330238 -3.047261 -0.012254 -0.202573 -0.001298 -0.029111 0.005697 -0.023213 0.000000000 1336387181.038281918 
338.099749088 -1.429358 3.123092 0.426881 -0.032812 0.244007 -3.131330 0.003638 -0.178531 0.002811 0.023063 -0.004354 0.003397 -1.286451 4.002162 0.199225 -0.416535 0.325936 -3.082044 0.002597 -0.199648 0.000959 0.009351 -0.003782 0.002127 0.000000000 1336387182.427598953 
339.489068031 -1.439714 3.370774 0.437344 0.000452 0.238113 -3.126272 0.005188 -0.180481 -0.013743 -0.007648 0.005986 -0.021230 -1.341186 4.252467 0.305540 -0.401914 0.322322 -3.076954 -0.003122 -0.198234 -0.013455 -0.018596 0.010677 -0.022202 0.000000000 1336387183.816917896 
340.977620125 -1.446481 3.639347 0.415524 -0.018618 0.246917 3.124329 -0.000336 -0.241839 -0.019720 0.011984 -0.014218 -0.008699 -1.385496 4.529586 0.399014 -0.441601 0.323800 -3.115593 -0.007540 -0.241217 -0.020319 0.013609 -0.010019 -0.008010 0.000000000 1336387185.305469990 
342.069226980 -1.437502 3.903580 0.399509 -0.007849 0.231211 3.114872 0.042626 -0.162821 -0.016218 -0.018153 0.000108 0.028866 -1.413547 4.776474 0.489311 -0.427850 0.310173 -3.118985 0.037468 -0.166062 -0.016790 -0.018838 0.003510 0.029051 0.000000000 1336387186.397076845 
343.657018185 -1.491013 4.163822 0.360910 -0.025877 0.231495 -3.121226 0.046015 -0.203869 -0.000043 -0.001696 0.003589 0.029982 -1.501840 5.025507 0.552236 -0.444598 0.334124 -3.077012 0.038919 -0.208536 0.001394 -0.002648 0.008308 0.030634 0.000000000 1336387187.984868050 
344.947098017 -1.555683 4.425480 0.353859 -0.018949 0.236949 -3.081571 -0.018434 -0.255234 -0.003068 0.007479 -0.019741 -0.007373 -1.603195 5.261559 0.646612 -0.436922 0.360626 -3.043813 -0.023221 -0.260823 -0.002682 0.006100 -0.016867 -0.006417 0.000000000 1336387189.274947882 
346.038705111 -1.553324 4.704753 0.360460 -0.012625 0.215244 -3.089388 0.060575 -0.225433 -0.007434 -0.040106 0.007659 0.053223 -1.646273 5.517785 0.765804 -0.429801 0.340979 -3.042280 0.052859 -0.228914 -0.005846 -0.040495 0.012608 0.053571 0.000000000 1336387190.366554976 
347.130311012 -1.629610 4.947270 0.341445 -0.043687 0.223969 -3.029914 0.002703 -0.307985 0.001868 0.000107 0.015277 -0.029570 -1.755889 5.737816 0.839170 -0.456473 0.377445 -2.991279 -0.006453 -0.311770 0.004481 -0.000813 0.020677 -0.028841 0.000000000 1336387191.458160877 
348.122680187 -1.669585 5.249962 0.355669 -0.050416 0.237731 -3.060758 -0.035655 -0.299875 -0.022952 0.031978 -0.022047 -0.031814 -1.842444 6.003605 0.972016 -0.470885 0.383011 -3.028726 -0.038452 -0.312250 -0.021575 0.025465 -0.020676 -0.031898 0.000000000 1336387192.450530052 
349.015813112 -1.658781 5.520238 0.356388 -0.028449 0.216544 -3.088793 -0.004183 -0.148435 -0.032423 -0.008886 0.001554 -0.024936 -1.880374 6.258225 1.086276 -0.454931 0.353572 -3.046852 -0.007523 -0.154268 -0.032606 -0.011531 0.003345 -0.024945 0.000000000 1336387193.343662977 
350.702841043 -1.654989 5.772660 0.311462 -0.052681 0.217773 -3.131938 0.005545 -0.087845 0.001192 -0.004026 -0.000636 -0.013200 -1.915309 6.514022 1.151597 -0.488787 0.339857 -3.089580 0.004611 -0.091960 0.001512 -0.005929 -0.000096 -0.013027 0.000000000 1336387195.030690908 
353.679949045 -1.677367 6.033429 0.324802 -0.073278 0.213645 3.111193 -0.092476 0.001696 -0.019435 0.008812 0.003254 -0.168526 -1.984808 6.750330 1.271967 -0.518111 0.321194 -3.125524 -0.094958 -0.008614 -0.019122 0.003496 0.002048 -0.168190 0.000000000 1336387198.007798910 
356.061635971 -1.452399 6.025949 0.326096 -0.130613 0.175670 2.703719 -0.081017 0.016533 -0.050164 0.036236 0.020910 -0.192652 -1.761609 6.794298 1.315464 -0.585224 0.111717 2.807211 -0.084757 0.005867 -0.052101 0.030774 0.019891 -0.192739 0.000000000 1336387200.389485836 
358.443322182 -1.270731 5.914968 0.238136 -0.109478 0.148916 2.236896 -0.024387 -0.046012 -0.020459 0.017404 0.002842 -0.072090 -1.541735 6.778139 1.227505 -0.502449 -0.104085 2.398692 -0.027614 -0.059416 -0.020027 0.010845 0.002963 -0.072261 0.000000000 1336387202.771172047 
361.221956015 -1.120621 5.939684 0.206122 -0.088669 0.132042 2.035145 -0.038202 -0.200906 -0.017786 -0.022637 -0.017138 -0.063824 -1.367176 6.850661 1.250104 -0.444441 -0.191316 2.215599 -0.043002 -0.217704 -0.016040 -0.030107 -0.015652 -0.064080 0.000000000 1336387205.549805880 
362.611273050 -0.846521 6.018146 0.213214 -0.131209 0.099991 1.948530 -0.043840 -0.251701 -0.012001 0.011368 -0.000737 -0.062863 -1.093455 6.956967 1.346662 -0.471246 -0.248704 2.142378 -0.030493 -0.247359 -0.010660 0.016082 -0.007654 -0.061661 0.000000000 1336387206.939122915 
363.702881098 -0.575017 6.077112 0.240835 -0.125299 0.089992 1.880329 0.009736 -0.213469 -0.035033 0.004903 0.021147 -0.026160 -0.854270 7.039608 1.447236 -0.438490 -0.286286 2.083831 0.006999 -0.220265 -0.034893 0.003094 0.022375 -0.025488 0.000000000 1336387208.030730963 
364.893723011 -0.333076 6.165703 0.230209 -0.122506 0.111032 1.846071 -0.057291 -0.003320 -0.015173 0.005425 -0.000852 -0.097279 -0.625690 7.153653 1.520332 -0.423240 -0.274824 2.043530 -0.059629 -0.012078 -0.015698 0.001519 -0.001212 -0.097366 0.000000000 1336387209.221572876 
367.970067978 -0.268864 5.996635 0.204936 -0.132924 0.067541 1.548756 -0.061004 -0.115398 -0.024812 0.024189 -0.000809 -0.099575 -0.501034 7.027868 1.442861 -0.322798 -0.388938 1.750248 -0.065568 -0.119936 -0.028258 0.022839 0.001157 -0.098766 0.000000000 1336387212.297917843 
369.855570078 -0.049609 5.875829 0.195206 -0.097498 0.040124 1.362738 -0.197223 -0.192808 -0.050876 0.025899 0.018707 -0.303832 -0.251534 6.948692 1.415605 -0.200449 -0.439052 1.554247 -0.182898 -0.195465 -0.054165 0.028523 0.011941 -0.302178 0.000000000 1336387214.183419943 
370.748702049 0.085816 5.666189 0.173835 -0.081562 0.029192 1.090929 -0.035994 0.008218 -0.021984 0.002974 -0.001674 -0.077639 -0.073204 6.803239 1.334718 -0.042107 -0.464818 1.255156 -0.033936 -0.004496 -0.020677 -0.002298 -0.004471 -0.077880 0.000000000 1336387215.076551914 
373.924283981 0.014075 5.572366 0.105495 -0.076759 0.003134 0.845666 -0.070717 0.019658 -0.033343 0.022193 0.006139 -0.112509 -0.077875 6.734076 1.228303 0.075123 -0.474021 0.977403 -0.068937 0.004838 -0.032284 0.016508 0.002831 -0.113346 0.000000000 1336387218.252133846 
376.702919006 -0.151890 5.456489 0.009548 -0.012333 -0.003592 0.532666 -0.087143 0.050456 -0.046279 0.015335 -0.000076 -0.138818 -0.167295 6.637510 1.062175 0.272031 -0.418443 0.633246 -0.089214 0.009906 -0.046002 -0.001148 -0.005109 -0.140246 0.000000000 1336387221.030768871 
378.886132002 -0.370770 5.453875 -0.093524 0.022780 -0.007276 0.229615 0.005471 0.032926 -0.046281 0.002029 0.004089 -0.053014 -0.309270 6.592605 0.899949 0.383827 -0.329146 0.318097 -0.000601 0.018826 -0.046863 -0.003758 0.005490 -0.053222 0.000000000 1336387223.213981867 
382.160950184 -0.377587 5.566530 -0.242456 0.030340 0.010155 0.056368 -0.004392 -0.137922 -0.062022 0.042611 -0.002549 -0.043263 -0.310293 6.712958 0.786497 0.418235 -0.243469 0.158707 -0.017881 -0.150539 -0.067186 0.038386 0.002687 -0.042810 0.000000000 1336387226.488800049 
383.847978115 -0.373192 5.337015 -0.354018 0.101403 0.008042 -0.016717 -0.016311 -0.096801 0.019690 -0.023456 -0.010581 -0.014594 -0.260591 6.532506 0.578600 0.497889 -0.209505 0.093129 -0.022340 -0.117373 0.021749 -0.030863 -0.008565 -0.014883 0.000000000 1336387228.175827980 
386.229664087 -0.415758 5.103582 -0.330389 0.045201 -0.013518 -0.053842 0.021448 -0.039147 0.013301 -0.004753 0.007341 0.019220 -0.269049 6.260193 0.481466 0.432733 -0.210327 0.051323 0.013823 -0.057938 0.014049 -0.011285 0.010986 0.018917 0.000000000 1336387230.557513952 
389.306010008 -0.356932 4.978079 -0.294065 0.029696 0.006399 0.006233 -0.000260 -0.093788 -0.019027 -0.002429 0.008448 -0.010129 -0.210883 6.083012 0.455619 0.382973 -0.203550 0.119729 -0.005242 -0.107700 -0.017908 -0.006943 0.010219 -0.010421 0.000000000 1336387233.633859873 
391.687697172 -0.356501 4.756148 -0.345989 0.023759 0.027226 -0.017287 -0.038655 -0.133096 0.003126 0.013662 -0.017479 -0.024799 -0.169330 5.864423 0.320477 0.369375 -0.171681 0.105603 -0.049287 -0.144707 0.004530 0.010101 -0.013564 -0.024495 0.000000000 1336387236.015547037 
393.473961115 -0.429627 4.519567 -0.344176 0.046925 -0.002963 -0.062293 0.023460 -0.120893 -0.015732 -0.018644 0.014340 0.008156 -0.215303 5.614210 0.220922 0.395654 -0.178273 0.055258 0.013218 -0.127569 -0.014164 -0.020202 0.018379 0.008410 0.000000000 1336387237.801810980 
395.458700180 -0.397859 4.278910 -0.386482 0.009882 0.024707 -0.044789 0.023459 -0.125935 0.007015 -0.003764 -0.012650 0.046933 -0.155348 5.394390 0.104008 0.350372 -0.150969 0.085048 0.016272 -0.143395 0.010620 -0.009166 -0.009390 0.046896 0.000000000 1336387239.786550045 
397.641911983 -0.358716 4.001798 -0.375153 0.004138 -0.004048 0.057359 -0.038523 -0.231700 -0.005932 0.003948 0.020240 -0.045041 -0.081860 5.097560 0.024645 0.315304 -0.204714 0.176009 -0.053516 -0.269477 0.000182 -0.009753 0.024797 -0.046866 0.000000000 1336387241.969761848 
398.733520031 -0.386170 3.746908 -0.382846 0.008642 0.018254 0.008288 -0.049305 -0.188080 -0.024563 0.021370 -0.010955 -0.024205 -0.070976 4.815383 -0.076362 0.312803 -0.162952 0.135253 -0.055528 -0.220924 -0.020356 0.009706 -0.009665 -0.025176 0.000000000 1336387243.061369896 
400.023599148 -0.448372 3.504029 -0.415462 0.035635 0.004383 -0.023056 0.024102 -0.119420 -0.011021 -0.004896 0.005209 0.031815 -0.087426 4.547621 -0.199182 0.330866 -0.164725 0.100037 0.013147 -0.138531 -0.009959 -0.011516 0.009875 0.031245 0.000000000 1336387244.351449013 
402.008337975 -0.406125 3.266903 -0.445976 0.026126 0.012457 0.040418 -0.000749 -0.121382 0.038486 0.008907 -0.000728 0.047416 -0.018863 4.299615 -0.301456 0.296548 -0.165967 0.165958 0.005114 -0.170227 0.041253 -0.009787 -0.001970 0.045593 0.000000000 1336387246.336187840 
403.596130133 -0.398765 3.072781 -0.389913 0.041131 0.009302 0.115652 0.019338 -0.218668 0.038430 -0.016876 0.021050 0.015922 0.037562 4.027570 -0.316230 0.268810 -0.189705 0.235519 0.001818 -0.240050 0.035348 -0.024279 0.028758 0.015967 0.000000000 1336387247.923979998 
404.786973000 -0.345328 2.815166 -0.355111 0.021225 0.033566 0.135633 0.031543 -0.227627 0.000117 -0.014535 -0.022172 0.072410 0.113027 3.750763 -0.350526 0.234716 -0.161666 0.263298 0.022429 -0.265052 -0.001550 -0.028206 -0.016805 0.071325 0.000000000 1336387249.114822865 
405.878579140 -0.277810 2.573652 -0.361409 0.007931 0.007589 0.214123 -0.028986 -0.237051 0.000936 0.023486 -0.004638 -0.034905 0.220208 3.488619 -0.414621 0.191634 -0.197181 0.336141 -0.052614 -0.268716 -0.007043 0.011525 0.005113 -0.036232 0.000000000 1336387250.206429005 
406.970184088 -0.253750 2.314071 -0.362199 0.033274 0.002823 0.175981 -0.020920 -0.269160 0.030729 0.019232 0.009391 -0.047945 0.273267 3.203676 -0.488059 0.211603 -0.184029 0.297730 -0.047029 -0.298171 0.027795 0.009227 0.019555 -0.049505 0.000000000 1336387251.298033953 
407.962553978 -0.227215 2.046612 -0.340549 0.052190 0.013717 0.128736 -0.022040 -0.249074 0.028747 -0.022063 -0.015378 -0.010274 0.322122 2.909998 -0.531184 0.228731 -0.154562 0.253257 -0.030449 -0.263871 0.029466 -0.026498 -0.012107 -0.009981 0.000000000 1336387252.290403843 
408.954923153 -0.216811 1.797562 -0.324655 0.030148 -0.000992 0.117759 0.038660 -0.224926 0.020264 -0.028117 -0.015151 0.074098 0.363386 2.650388 -0.566363 0.204364 -0.164006 0.240719 0.023648 -0.240275 0.019566 -0.032448 -0.008386 0.073647 0.000000000 1336387253.282773018 
410.046405077 -0.146013 1.558165 -0.309906 -0.000714 -0.019954 0.198104 0.071980 -0.135589 0.007850 -0.000809 0.031212 0.036354 0.455494 2.404113 -0.594027 0.155580 -0.188777 0.318953 0.052356 -0.151398 0.008298 -0.005662 0.039579 0.035075 0.000000000 1336387254.374254942 
411.634196997 0.008141 1.369537 -0.295011 -0.003149 0.029679 0.255745 -0.009642 -0.034941 -0.001402 0.004789 -0.003295 -0.032206 0.612456 2.203698 -0.602228 0.134317 -0.134919 0.384206 -0.011622 -0.055730 0.001752 -0.003075 -0.003740 -0.032863 0.000000000 1336387255.962046862 
415.008252144 0.006382 1.247206 -0.298403 0.009811 0.018047 0.147105 -0.002707 -0.141956 0.027030 0.014954 -0.029702 0.010685 0.648984 2.016616 -0.626651 0.138218 -0.131763 0.271656 -0.019269 -0.170995 0.028325 0.004195 -0.022600 0.009829 0.000000000 1336387259.336102009 
416.596045017 0.035955 1.023315 -0.257627 0.033862 -0.029280 0.163596 0.014630 -0.053953 0.045503 -0.028256 0.022272 -0.034793 0.692683 1.743204 -0.623595 0.143560 -0.169448 0.282313 0.006453 -0.072180 0.046752 -0.035758 0.025404 -0.035536 0.000000000 1336387260.923894882 
418.779256105 0.084423 0.908591 -0.161434 -0.025708 0.021966 0.089402 -0.035915 -0.197267 -0.044441 0.057325 -0.036712 -0.019630 0.740827 1.579573 -0.543869 0.077038 -0.103065 0.213233 -0.043955 -0.216446 -0.044480 0.050261 -0.033943 -0.017979 0.000000000 1336387263.107105970 
419.970098972 0.061898 0.669428 -0.207350 0.042050 -0.022344 0.067174 -0.007171 -0.128978 -0.024990 -0.026855 0.006552 -0.035639 0.750767 1.322952 -0.621518 0.139472 -0.141687 0.188546 -0.013946 -0.138749 -0.027023 -0.030379 0.009240 -0.036003 0.000000000 1336387264.297948837 
421.657127142 0.065448 0.453555 -0.258876 -0.001996 -0.008734 0.007570 0.034571 -0.001835 0.027617 -0.009872 -0.004094 0.043663 0.780923 1.099176 -0.701749 0.096244 -0.117572 0.130173 0.026136 -0.019603 0.027930 -0.016674 0.000785 0.043187 0.000000000 1336387265.984977007 
424.832709074 0.174501 0.448727 -0.170211 -0.034533 -0.021377 0.146272 0.015626 -0.010081 0.004450 0.005261 -0.000718 0.015977 0.862228 1.038733 -0.610281 0.026272 -0.127124 0.268039 0.012947 -0.020142 0.004907 0.001193 0.000637 0.016025 0.000000000 1336387269.160558939 
428.603712082 0.237856 0.420243 -0.150873 -0.015918 -0.021965 0.206594 0.004785 0.000598 0.065530 -0.000563 -0.000655 0.005657 0.927149 0.977318 -0.587721 0.023000 -0.126077 0.328997 0.003252 -0.009169 0.068010 -0.004920 -0.000032 0.005210 0.000000000 1336387272.931561947 
431.183873177 0.245434 0.426157 0.018389 -0.017690 -0.023420 0.221219 -0.005154 -0.004035 0.107110 -0.001808 -0.000235 0.001663 0.923162 0.946701 -0.413168 0.008601 -0.126458 0.342541 -0.008682 -0.007239 0.108362 -0.003336 0.001531 0.001435 0.000000000 1336387275.511723042 
433.168611050 0.231529 0.418677 0.230785 -0.021356 -0.023828 0.224529 -0.009536 0.012026 0.100605 -0.000218 0.007852 -0.002351 0.886975 0.916579 -0.202119 0.001615 -0.123444 0.345436 -0.006990 0.003509 0.104829 -0.005206 0.005828 -0.002669 0.000000000 1336387277.496460915 
434.954877138 0.205128 0.438614 0.409537 -0.021639 -0.009895 0.220031 0.003780 -0.003313 0.000839 0.004345 0.000812 0.008438 0.851601 0.910189 -0.017819 -0.007097 -0.113024 0.340655 0.004792 -0.014292 0.003094 -0.001718 0.000028 0.008483 0.000000000 1336387279.282727003 
437.931985140 0.218225 0.431492 0.412357 -0.008945 -0.006932 0.245093 0.018248 0.019029 0.002205 -0.009759 -0.001959 0.019123 0.878143 0.874525 -0.006760 -0.015074 -0.112725 0.366070 0.012984 0.006695 0.001383 -0.016781 0.001835 0.018084 0.000000000 1336387282.259835005 
