#     1     2     3     4     5     6     7     8     9    10    11    12    13    14    15    16    17    18    19    20    21    22    23    24    25    26
#     t  gt_x  gt_y  gt_z  gt_ro gt_pi gt_ya gt_vx gt_vy gt_vz gt_vr gt_vp gt_vy od_x  od_y  od_z  od_ro od_pi od_ya od_vx od_vy od_vz od_vr od_vp od_vy od_failure ts
0.000000000 0.000000 -0.000000 -0.000000 0.000000 -0.000000 -0.000000 0.155841 -0.031011 0.077486 -0.001478 -0.039618 0.216599 -0.000000 0.000000 -0.000000 -0.000000 0.000000 -0.000000 0.151238 -0.003510 0.098880 -0.028654 0.003577 0.212229 0.000000000 1319017534.952914000 
2.183206081 0.340234 -0.067704 0.169168 -0.003226 -0.086494 0.472881 0.155684 -0.017079 0.012005 0.012058 -0.003806 0.215240 0.330184 -0.007662 0.215876 -0.062558 0.007809 0.463339 0.162670 -0.010196 0.012095 -0.000482 -0.018827 0.214730 0.000000000 1319017537.136120081 
4.664031982 0.699742 0.068733 0.232341 -0.016994 -0.082219 1.008865 0.173741 0.013943 -0.002084 0.010644 -0.003992 0.223775 0.701844 0.151902 0.244251 -0.051105 -0.008162 0.997661 0.169664 0.011461 -0.022548 -0.000973 -0.009593 0.217253 0.000000000 1319017539.616945982 
6.847239017 0.875697 0.405161 0.258443 -0.030432 -0.073319 1.498915 0.161670 0.033680 0.037349 -0.002979 -0.012026 0.220278 0.884040 0.475647 0.196835 -0.051314 -0.004848 1.472395 0.172537 0.024931 0.009367 -0.018100 0.001311 0.217733 0.000000000 1319017541.800153017 
9.030446053 0.824781 0.755929 0.363352 -0.067513 -0.077135 1.981867 0.059219 -0.017743 0.024029 0.001372 -0.001668 0.048471 0.865899 0.855864 0.216292 -0.087369 0.022023 1.947031 0.064732 -0.018567 0.015732 0.000331 -0.003666 0.047629 0.000000000 1319017543.983360052 
13.297487020 0.790322 1.006712 0.489910 -0.076081 -0.068737 2.189198 0.015000 -0.123952 0.017653 0.007554 -0.010630 -0.003173 0.831794 1.141054 0.283979 -0.079697 0.023593 2.150907 0.009186 -0.124187 -0.002096 -0.005550 -0.003293 -0.006478 0.000000000 1319017548.250401020 
16.373800993 1.073380 1.257599 0.576014 -0.052380 -0.102082 2.181919 0.010783 -0.137178 0.010498 0.008161 -0.017131 -0.004479 1.134951 1.374174 0.307294 -0.097209 0.011904 2.131848 -0.003712 -0.122386 -0.019005 -0.000254 0.002040 -0.008149 0.000000000 1319017551.326714993 
19.053247929 1.359072 1.486957 0.626046 -0.029579 -0.148545 2.172242 -0.003248 -0.109928 0.017706 0.002955 -0.000959 -0.009829 1.420891 1.541851 0.288559 -0.098133 0.015221 2.109585 -0.008607 -0.116077 -0.005690 -0.003356 -0.000532 -0.012887 0.000000000 1319017554.006161928 
21.831816912 1.619529 1.644425 0.682277 -0.017281 -0.151959 2.144704 -0.000926 -0.110648 0.024380 0.001444 0.005980 -0.015214 1.709870 1.687021 0.304786 -0.107937 0.010234 2.074094 -0.008955 -0.120999 -0.003971 -0.000752 0.003933 -0.015577 0.000000000 1319017556.784730911 
24.610388994 1.884079 1.799260 0.754089 -0.006757 -0.135939 2.101760 -0.032925 -0.105530 0.012026 -0.003576 0.007668 -0.049296 2.015586 1.827239 0.330289 -0.110380 0.016426 2.029881 -0.029102 -0.114333 -0.006546 -0.000038 -0.000892 -0.047897 0.000000000 1319017559.563302994 
26.892842054 2.131317 1.853526 0.772712 0.000462 -0.118331 1.988348 -0.141711 0.038670 -0.039646 -0.001677 -0.016852 -0.225384 2.278906 1.883570 0.345275 -0.111594 0.002287 1.921452 -0.144410 0.046182 -0.009913 -0.015088 0.003830 -0.224471 0.000000000 1319017561.845756054 
29.671410084 2.186343 1.464408 0.616890 0.065673 -0.142237 1.355483 -0.142338 0.007979 -0.069943 -0.034404 0.022981 -0.220500 2.299893 1.463894 0.304529 -0.133909 -0.052630 1.299804 -0.140702 0.009263 -0.043684 0.022866 0.026963 -0.215512 0.000000000 1319017564.624324083 
31.854617119 2.098429 1.190694 0.423138 0.048549 -0.045926 0.879028 -0.107499 0.044474 -0.026803 0.005320 -0.008672 -0.124561 2.212104 1.175217 0.191287 -0.045325 -0.048940 0.825293 -0.113822 0.037846 -0.011011 -0.013135 -0.003173 -0.124508 0.000000000 1319017566.807531118 
34.533940077 1.822481 1.049592 0.344039 0.075213 -0.050693 0.544152 -0.031912 -0.090013 -0.011870 -0.002335 -0.002996 -0.010310 1.933165 1.020447 0.142342 -0.062003 -0.069580 0.491633 -0.033794 -0.075594 -0.001055 0.006497 0.003273 -0.010193 0.000000000 1319017569.486854076 
38.801103115 1.905878 0.656831 0.257871 0.067455 -0.060083 0.499244 -0.030113 -0.122119 -0.003953 -0.007695 -0.006436 0.001894 1.957511 0.667961 0.147772 -0.031142 -0.058265 0.447283 -0.018084 -0.123524 0.011577 -0.008087 0.000076 -0.000491 0.000000000 1319017573.754017115 
41.678920031 1.999286 0.309256 0.217692 0.045067 -0.078930 0.503446 -0.004405 -0.137926 0.000885 -0.002537 -0.001118 0.005673 2.061565 0.324953 0.189034 -0.054333 -0.058091 0.445862 -0.001990 -0.133685 0.013389 -0.000107 0.000017 0.003529 0.000000000 1319017576.631834030 
43.961374044 2.143115 0.029334 0.204773 0.038259 -0.082055 0.516311 -0.015078 -0.126852 0.004072 -0.002652 -0.001761 -0.000469 2.185681 0.048421 0.235775 -0.055043 -0.057613 0.453917 -0.006043 -0.127486 0.016316 -0.003582 -0.003498 -0.003509 0.000000000 1319017578.914288044 
46.739943027 2.281050 -0.297865 0.199171 0.031012 -0.086894 0.514815 -0.005962 -0.122275 0.001185 -0.006352 -0.006229 0.000282 2.321263 -0.276199 0.299455 -0.064464 -0.067851 0.444695 -0.014005 -0.118668 0.014864 -0.004023 0.012412 -0.002905 0.000000000 1319017581.692857027 
49.022397995 2.407091 -0.547155 0.192061 0.016500 -0.101125 0.515019 -0.010213 -0.123706 -0.000265 -0.001344 0.000286 0.002241 2.404666 -0.533447 0.348473 -0.073097 -0.040004 0.436250 -0.008699 -0.119126 0.017179 0.004240 -0.000979 0.000326 0.000000000 1319017583.975311995 
51.602473021 2.541978 -0.837493 0.183483 0.012445 -0.100482 0.520841 -0.000788 -0.118177 0.000093 0.001772 -0.002048 0.002048 2.510081 -0.818939 0.414172 -0.062198 -0.042462 0.437274 -0.006654 -0.107531 0.007706 0.005722 0.002730 -0.000670 0.000000000 1319017586.555387020 
53.884924889 2.674913 -1.072177 0.180173 0.016024 -0.105212 0.525482 0.003127 -0.126355 -0.001501 0.001900 -0.003325 0.002837 2.598344 -1.046875 0.446309 -0.049059 -0.036339 0.435359 -0.004294 -0.121642 0.005989 0.000726 0.002894 0.003180 0.000000000 1319017588.837838888 
56.464997053 2.846162 -1.349604 0.171974 0.020167 -0.113904 0.532711 0.001303 -0.127947 -0.001707 0.003294 -0.004400 0.002742 2.719170 -1.335557 0.476710 -0.047470 -0.028478 0.443189 -0.003000 -0.118323 0.004925 0.004854 -0.000312 0.002623 0.000000000 1319017591.417911053 
59.045195103 3.017706 -1.631518 0.161368 0.027882 -0.125395 0.539609 -0.008842 -0.127616 0.005245 -0.004465 -0.006884 -0.000851 2.841994 -1.614153 0.503659 -0.035138 -0.028961 0.449990 -0.012799 -0.131116 0.013846 -0.008048 0.008125 -0.000476 0.000000000 1319017593.998109102 
61.823762894 3.178617 -1.948778 0.162940 0.015846 -0.144448 0.536683 0.002314 -0.121519 0.001552 0.000469 0.000014 -0.002019 2.966423 -1.956888 0.553855 -0.057449 -0.006445 0.447876 -0.002836 -0.120714 0.011206 0.002860 0.003124 0.001223 0.000000000 1319017596.776676893 
64.205465078 3.331405 -2.194676 0.162852 0.017661 -0.144336 0.531826 0.002091 -0.118893 0.000859 0.003642 -0.000233 -0.005153 3.083720 -2.217272 0.596963 -0.050655 0.001149 0.450357 0.001280 -0.138211 0.009492 -0.013741 -0.003594 -0.004581 0.000000000 1319017599.158379078 
66.884785891 3.498131 -2.466169 0.160367 0.029427 -0.144704 0.517865 -0.004601 -0.130565 0.005377 0.001515 -0.003217 0.002681 3.247278 -2.547560 0.641107 -0.087484 -0.009090 0.438586 -0.019953 -0.120204 0.008765 0.004112 0.010613 0.001418 0.000000000 1319017601.837699890 
69.067991972 3.630292 -2.719197 0.162231 0.031910 -0.151895 0.523575 0.006583 -0.119882 0.001882 0.001832 -0.005871 -0.000367 3.317803 -2.801389 0.682703 -0.078540 0.014262 0.439645 -0.000696 -0.120826 0.009849 -0.005574 0.002938 -0.001477 0.000000000 1319017604.020905972 
71.747312069 3.806666 -2.988256 0.159752 0.037051 -0.167586 0.522068 -0.002331 -0.122549 0.001525 -0.000292 0.004362 0.001014 3.453263 -3.092039 0.734430 -0.093540 0.021798 0.435081 -0.013932 -0.124225 0.006472 0.004023 0.008736 -0.003944 0.000000000 1319017606.700226068 
74.129013062 3.948477 -3.243327 0.151744 0.035884 -0.157294 0.524900 -0.002976 -0.126969 0.003458 0.001244 -0.006818 0.000586 3.547581 -3.371449 0.778124 -0.084220 0.041636 0.423776 -0.002501 -0.129724 0.009853 -0.009915 -0.002255 -0.001656 0.000000000 1319017609.081927061 
76.709085941 4.106518 -3.530487 0.147740 0.038958 -0.174927 0.525793 0.006511 -0.112775 -0.007077 0.002276 0.009132 -0.002578 3.679995 -3.675244 0.831834 -0.109960 0.035478 0.420007 0.001410 -0.130229 -0.000908 -0.006120 0.001451 0.000247 0.000000000 1319017611.661999941 
79.190035105 4.264534 -3.761242 0.122543 0.045583 -0.152037 0.520222 0.012991 -0.134194 0.004967 0.012135 -0.011508 -0.000471 3.815315 -3.966793 0.864906 -0.125136 0.039123 0.420222 -0.001720 -0.124466 0.003750 -0.004716 0.000174 0.003180 0.000000000 1319017614.142949104 
82.167098999 4.496867 -4.088859 0.125007 0.082193 -0.186197 0.517211 0.002834 -0.124702 0.005161 0.004430 -0.007451 -0.001640 3.962108 -4.302355 0.922385 -0.138805 0.040817 0.429559 -0.007454 -0.111730 -0.001863 0.005451 0.004162 0.000684 0.000000000 1319017617.120012999 
84.548676014 4.651435 -4.342616 0.114333 0.093767 -0.203560 0.511749 0.001675 -0.130635 0.009620 0.001518 -0.009325 -0.003666 4.057195 -4.549342 0.955506 -0.125821 0.050860 0.429801 -0.006394 -0.115860 -0.002197 0.004762 0.005094 -0.002921 0.000000000 1319017619.501590014 
88.716589928 4.926643 -4.814085 0.104913 0.104072 -0.240789 0.492349 -0.005510 -0.126376 0.017485 -0.001636 -0.001251 0.000798 4.235485 -4.995892 1.008308 -0.106739 0.070391 0.415024 -0.005337 -0.123171 0.000054 0.003873 0.000514 0.000112 0.000000000 1319017623.669503927 
91.495157957 5.078524 -5.134660 0.112763 0.099074 -0.244476 0.494251 -0.000382 -0.108950 0.002087 0.000534 0.013826 -0.001208 4.361509 -5.312207 1.045872 -0.095967 0.071844 0.415181 -0.006734 -0.116144 -0.003947 0.004637 0.004198 -0.003451 0.000000000 1319017626.448071957 
95.563823938 5.294387 -5.520367 0.078042 0.101235 -0.188011 0.494943 0.129674 -0.024716 0.011730 0.002747 -0.018278 0.189163 4.528778 -5.754205 1.077057 -0.078229 0.087491 0.399511 0.124110 -0.024583 0.005196 -0.016855 -0.004567 0.181737 0.000000000 1319017630.516737938 
97.945524931 5.586945 -5.432216 0.157228 0.014801 -0.256628 0.953783 0.158833 -0.007999 0.015183 0.001423 0.011922 0.210110 4.823740 -5.691976 1.068076 -0.074345 0.101341 0.834231 0.152288 -0.032285 0.018187 -0.004176 0.008871 0.205311 0.000000000 1319017632.898438931 
100.227977991 5.800093 -5.164195 0.282501 -0.103640 -0.206866 1.444923 0.146198 0.033807 -0.015383 0.019322 -0.002935 0.210529 5.111373 -5.479588 1.079539 -0.029983 0.144197 1.304933 0.155238 0.015670 -0.006027 -0.020278 -0.020868 0.209439 0.000000000 1319017635.180891991 
101.914943933 5.777601 -4.911485 0.302121 -0.136799 -0.162905 1.803589 0.053682 -0.055721 0.003696 0.004178 -0.005216 0.032962 5.153852 -5.224187 1.031066 -0.012187 0.110405 1.661245 0.045518 -0.057580 0.001580 -0.004124 0.000726 0.027021 0.000000000 1319017636.867857933 
107.075213909 5.991351 -4.589567 0.404385 -0.141421 -0.164059 1.978107 -0.007289 -0.126043 0.002205 0.006225 -0.013137 -0.008131 5.428439 -4.963569 1.016889 -0.017940 0.114769 1.801551 0.000597 -0.122120 -0.005313 -0.014052 -0.014372 -0.007319 0.000000000 1319017642.028127909 
109.159171104 6.238155 -4.506801 0.442919 -0.126339 -0.193536 1.964950 0.031500 -0.131713 0.002894 0.022513 0.005729 -0.011350 5.676228 -4.904849 1.010284 -0.048920 0.084537 1.786793 0.001962 -0.129496 -0.016576 -0.002197 0.001003 -0.008232 0.000000000 1319017644.112085104 
112.036983967 6.554354 -4.290613 0.515332 -0.054752 -0.181180 1.929901 -0.007061 -0.136775 0.029712 0.009336 -0.012887 -0.022186 6.041404 -4.821506 0.980491 -0.057246 0.086236 1.762900 -0.002701 -0.124976 0.000489 -0.010469 -0.011773 -0.012890 0.000000000 1319017646.989897966 
114.220189095 6.840637 -4.214955 0.592338 -0.025704 -0.211720 1.882026 0.104390 -0.054745 -0.017503 0.020334 0.026295 0.100719 6.309581 -4.773866 0.997614 -0.082398 0.058934 1.736238 0.077542 -0.066580 -0.015999 0.003952 -0.003569 0.114742 0.000000000 1319017649.173103094 
116.601767063 6.888834 -3.935664 0.607118 -0.026679 -0.137029 2.121974 0.210174 0.044242 0.011110 0.043137 -0.019519 0.200929 6.438425 -4.566938 0.961858 -0.054006 0.070489 2.009967 0.162519 -0.002767 0.007980 -0.051570 -0.012375 0.205942 0.000000000 1319017651.554681063 
117.792614937 6.714668 -3.753583 0.653016 -0.007371 -0.149989 2.364512 0.088852 -0.047224 0.048549 -0.117211 0.030726 0.245460 6.358564 -4.390406 0.957869 -0.096632 0.066759 2.256201 0.156623 -0.015960 0.007037 0.018294 0.002513 0.214005 0.000000000 1319017652.745528936 
120.075067043 6.658597 -3.548407 0.793669 -0.353334 -0.053148 2.923479 0.167898 0.046818 -0.035980 0.012019 -0.014938 0.229008 6.158833 -4.091294 0.953481 -0.012302 0.110000 2.744755 0.163384 0.021545 0.000101 -0.033644 -0.012539 0.230785 0.000000000 1319017655.027981043 
121.662784100 6.383778 -3.538684 0.728624 -0.330267 0.051020 -3.010419 0.126598 0.023806 -0.033064 0.024539 0.023766 0.126175 5.907836 -4.023197 0.924745 -0.025392 0.087175 3.112797 0.108278 -0.013711 -0.001392 -0.000938 0.001953 0.116667 0.000000000 1319017656.615698099 
124.044485092 6.093609 -3.605308 0.620489 -0.246453 0.199109 -2.740679 0.029599 -0.069684 -0.022894 -0.003426 -0.000675 0.022143 5.652195 -3.983091 0.899818 -0.002676 0.095439 -2.891437 0.029374 -0.077152 -0.004753 -0.003647 0.002395 0.012438 0.000000000 1319017658.997399092 
127.616910934 5.899559 -3.403677 0.581358 -0.242304 0.215446 -2.661545 0.006338 -0.116013 -0.034751 0.007588 -0.008480 0.005873 5.484244 -3.741484 0.873651 -0.011448 0.104021 -2.846788 -0.001323 -0.112514 -0.008832 0.000961 0.001166 -0.000304 0.000000000 1319017662.569824934 
129.800115108 5.768052 -3.174412 0.565816 -0.222061 0.200517 -2.644313 0.027165 -0.104995 -0.038490 0.015883 0.007621 0.000096 5.417198 -3.504912 0.857571 -0.009422 0.106559 -2.847484 0.000358 -0.117599 -0.018572 0.004739 0.009899 0.000776 0.000000000 1319017664.753029108 
132.578681946 5.563071 -2.935084 0.511515 -0.178877 0.221230 -2.648825 0.027768 -0.114760 -0.026149 0.021558 -0.002808 -0.003050 5.326332 -3.190525 0.809218 0.003947 0.134083 -2.845570 0.004798 -0.126203 -0.007294 -0.005390 -0.003955 -0.004820 0.000000000 1319017667.531595945 
136.349602938 5.267188 -2.590693 0.468993 -0.099702 0.208754 -2.658469 -0.002534 -0.125726 -0.012154 -0.000958 -0.004305 -0.001025 5.174143 -2.739515 0.777680 -0.018834 0.119217 -2.863932 -0.002950 -0.123665 -0.003160 0.003893 0.001487 -0.001937 0.000000000 1319017671.302516937 
138.929799080 5.121253 -2.299218 0.471410 -0.102502 0.197437 -2.660024 0.000938 -0.112233 -0.001627 -0.001463 -0.010347 -0.004593 5.094169 -2.430422 0.776459 -0.009397 0.122958 -2.869040 0.004182 -0.123527 0.006271 -0.012302 -0.000202 0.000518 0.000000000 1319017673.882713079 
141.509870052 4.981110 -2.046960 0.495894 -0.108110 0.169661 -2.669208 -0.002795 -0.123553 -0.001868 0.001786 -0.003168 -0.008051 4.995842 -2.127153 0.794165 -0.040971 0.122451 -2.867689 -0.005022 -0.124972 0.003738 0.004250 0.001144 -0.002701 0.000000000 1319017676.462784052 
143.792321920 4.854997 -1.796047 0.522786 -0.107011 0.160464 -2.686923 0.004941 -0.125811 0.003144 0.005923 -0.010995 -0.004479 4.927421 -1.850701 0.815623 -0.032043 0.124806 -2.874006 -0.006336 -0.134301 0.006426 -0.012001 0.003912 -0.001195 0.000000000 1319017678.745235920 
146.174021959 4.708409 -1.536973 0.559847 -0.094197 0.133281 -2.694800 0.000970 -0.133345 0.009806 0.002400 -0.015897 -0.005251 4.854393 -1.539734 0.842848 -0.061021 0.134025 -2.877177 -0.004221 -0.123847 0.006314 -0.001101 0.000575 -0.003585 0.000000000 1319017681.126935959 
149.944942951 4.480263 -1.095040 0.642723 -0.087179 0.071727 -2.708877 0.003142 -0.121685 0.007555 0.002955 -0.000742 0.002716 4.741436 -1.088890 0.896751 -0.067004 0.135354 -2.890931 -0.001291 -0.125984 -0.002192 0.000363 -0.000017 0.002987 0.000000000 1319017684.897856951 
152.624263048 4.334022 -0.806762 0.690548 -0.078727 0.070377 -2.701437 -0.016663 -0.129360 0.010073 -0.012545 -0.009584 -0.002485 4.658929 -0.761950 0.913804 -0.064942 0.135839 -2.882869 -0.001549 -0.123937 -0.002335 -0.003058 -0.000058 -0.001536 0.000000000 1319017687.577177048 
157.189165115 4.147510 -0.247894 0.787952 -0.136619 0.025871 -2.709297 0.006600 -0.126566 0.002639 0.002413 -0.005110 -0.005349 4.517666 -0.214615 0.940602 -0.079855 0.135115 -2.889913 0.001814 -0.121111 -0.006494 -0.001429 0.002317 -0.002093 0.000000000 1319017692.142079115 
159.471493006 4.013222 0.004409 0.832856 -0.131386 0.012654 -2.719803 0.002838 -0.127758 0.000327 0.005993 -0.000997 -0.003354 4.443831 0.052118 0.947254 -0.083821 0.140004 -2.895148 -0.003261 -0.126780 -0.009249 -0.002695 -0.000795 -0.003299 0.000000000 1319017694.424407005 
163.540155888 3.790987 0.469325 0.902124 -0.107157 0.006845 -2.732800 0.016463 -0.125079 -0.003567 0.014325 -0.000219 0.003251 4.329637 0.556669 0.954737 -0.096627 0.135645 -2.908376 0.003147 -0.124994 -0.014051 -0.000670 -0.002239 0.005290 0.000000000 1319017698.493069887 
167.013459921 3.566080 0.844072 0.935879 -0.057318 0.007295 -2.721489 0.006390 -0.128695 0.007065 0.008137 -0.011478 -0.004692 4.219025 0.979376 0.946630 -0.096342 0.129652 -2.889176 -0.004421 -0.123835 -0.017022 -0.005754 0.000572 -0.004102 0.000000000 1319017701.966373920 
169.593527079 3.416002 1.138955 0.972977 -0.036421 -0.022963 -2.731877 0.004068 -0.129470 0.010949 0.002713 -0.005538 -0.000642 4.151123 1.294654 0.935235 -0.112575 0.130096 -2.899943 -0.006412 -0.124089 -0.019026 0.001441 0.005040 -0.001359 0.000000000 1319017704.546441078 
171.975227118 3.285529 1.417218 1.010479 -0.029938 -0.036201 -2.732924 -0.006900 -0.127036 0.015646 -0.002015 -0.010226 0.002784 4.095819 1.588728 0.925489 -0.109747 0.141659 -2.904553 -0.005150 -0.136124 -0.010238 -0.015021 -0.003705 -0.001431 0.000000000 1319017706.928141117 
174.158430099 3.190994 1.677264 1.052351 -0.034588 -0.058334 -2.726170 0.014589 -0.130638 0.022353 0.004769 -0.010921 0.004074 4.035279 1.880516 0.937304 -0.142862 0.133276 -2.906794 0.001567 -0.124753 -0.016666 -0.000434 0.003520 0.001846 0.000000000 1319017709.111344099 
176.738501072 3.025170 1.970106 1.123721 -0.022967 -0.086127 -2.714653 -0.008001 -0.124502 0.025573 -0.000672 -0.012970 0.003181 3.955416 2.195287 0.940004 -0.143527 0.142944 -2.903337 -0.006469 -0.121156 -0.019557 -0.003000 -0.006005 0.000952 0.000000000 1319017711.691415071 
178.822455883 2.938026 2.214086 1.181304 -0.025003 -0.112995 -2.707361 -0.002333 -0.118618 0.018234 -0.011368 -0.006515 0.001835 3.908617 2.447072 0.937746 -0.149250 0.130840 -2.899552 -0.000013 -0.120726 -0.021289 -0.003015 0.002615 -0.001801 0.000000000 1319017713.775369883 
181.700272083 2.807297 2.528179 1.241149 -0.058375 -0.131604 -2.701565 0.001386 -0.123161 0.026595 0.001361 -0.000281 -0.007312 3.825252 2.789753 0.928904 -0.158749 0.137508 -2.905857 -0.002042 -0.116846 -0.021654 0.014558 -0.005247 -0.009909 0.000000000 1319017716.653186083 
184.280464888 2.680996 2.814929 1.327909 -0.052365 -0.133406 -2.720527 -0.145244 0.016565 0.012111 -0.025097 -0.018903 -0.214179 3.759737 3.089263 0.922187 -0.124349 0.120063 -2.929127 -0.127149 0.025269 -0.021060 -0.005767 0.009356 -0.215403 0.000000000 1319017719.233378887 
186.761286974 3.027725 2.923522 1.307586 -0.039180 -0.188311 3.025105 -0.150390 0.008954 -0.025980 -0.014864 0.028739 -0.220533 4.084590 3.102335 0.900779 -0.182402 0.063257 2.819882 -0.141222 0.025021 -0.044493 0.026599 0.009363 -0.217527 0.000000000 1319017721.714200974 
189.440604925 3.405285 2.857951 1.162907 0.032943 -0.101036 2.429649 -0.109449 0.023108 -0.070203 -0.002126 -0.018240 -0.108592 4.436591 2.938319 0.795564 -0.115805 -0.022226 2.242576 -0.102246 0.039389 -0.034344 -0.017333 -0.010751 -0.110959 0.000000000 1319017724.393518925 
191.723056078 3.543469 2.662111 0.980106 0.052182 -0.131428 2.178524 -0.029478 -0.070799 0.019105 0.001672 -0.002240 -0.014272 4.517771 2.707293 0.702147 -0.146327 -0.074880 1.993341 -0.033520 -0.079643 -0.004559 -0.007986 0.001099 -0.013047 0.000000000 1319017726.675970078 
195.493974924 3.832696 2.719785 1.023059 0.065579 -0.136862 2.123828 0.006761 -0.122753 0.043355 -0.004557 0.007503 0.018044 4.843553 2.713376 0.719398 -0.172569 -0.077858 1.943913 0.004294 -0.118268 -0.000970 0.019919 0.005854 0.018022 0.000000000 1319017730.446888924 
197.776426077 4.073847 2.873720 1.104795 0.049327 -0.122349 2.166359 -0.007090 -0.108196 0.045299 0.002834 -0.011439 0.016636 5.089231 2.816350 0.764198 -0.129972 -0.057576 1.982200 -0.003884 -0.117189 0.015235 -0.009349 -0.004304 0.015906 0.000000000 1319017732.729340076 
200.356494904 4.326662 3.007928 1.204760 0.051504 -0.153836 2.208249 0.019476 -0.114622 0.041748 -0.002841 -0.004171 0.017694 5.365150 2.920911 0.841655 -0.156415 -0.063218 2.024415 0.018484 -0.120754 -0.003699 -0.002026 0.001842 0.017392 0.000000000 1319017735.309408903 
202.638947010 4.521871 3.191586 1.292300 0.038792 -0.165299 2.248640 -0.062963 -0.070387 0.021817 -0.001323 0.009123 -0.093427 5.593556 3.076674 0.878847 -0.163361 -0.052836 2.063023 -0.063087 -0.076085 0.002629 0.006858 0.000385 -0.094038 0.000000000 1319017737.591861010 
205.516758919 4.799173 3.173798 1.316620 0.077483 -0.122857 1.979050 -0.152839 0.031069 -0.070169 -0.012881 -0.007077 -0.217140 5.869623 3.016412 0.912274 -0.123758 -0.093349 1.794709 -0.152712 0.041473 -0.027020 -0.005304 0.004373 -0.216579 0.000000000 1319017740.469672918 
209.089308023 4.883196 2.651932 1.010186 0.095352 -0.058731 1.202129 -0.152568 0.068552 -0.108642 -0.022212 -0.010956 -0.221679 5.856134 2.467145 0.747834 -0.041943 -0.137544 1.016587 -0.170257 0.069752 -0.066934 -0.012132 0.018322 -0.223451 0.000000000 1319017744.042222023 
211.470884085 4.583020 2.394275 0.747255 0.059051 -0.028755 0.673914 -0.067567 0.008816 -0.051275 -0.008220 0.009226 -0.061032 5.521305 2.228826 0.527576 0.005048 -0.096067 0.480640 -0.080737 -0.003117 -0.042979 0.004444 0.010939 -0.062178 0.000000000 1319017746.423798084 
214.348695040 4.413183 2.302191 0.595919 0.039499 0.008495 0.500233 -0.041400 -0.106785 -0.014831 0.009433 -0.015761 -0.013490 5.330617 2.119983 0.382131 0.034850 -0.062157 0.301607 -0.045692 -0.086955 0.010885 -0.003255 -0.007494 -0.012684 0.000000000 1319017749.301609039 
216.631145000 4.446115 2.044167 0.553275 0.060761 -0.026240 0.468055 -0.003605 -0.136980 0.016914 -0.011546 -0.014304 0.006148 5.289343 1.898510 0.393532 0.029249 -0.078215 0.271992 -0.007863 -0.120267 0.028907 -0.005956 0.015314 0.004649 0.000000000 1319017751.584059000 
219.310587883 4.603481 1.710131 0.575963 0.029492 -0.065494 0.482188 -0.029098 -0.157768 0.034197 0.005462 -0.007330 0.002142 5.351136 1.578988 0.459674 0.012246 -0.037558 0.285643 -0.024230 -0.120081 0.052634 0.012967 -0.006563 0.001024 0.000000000 1319017754.263501883 
221.692161083 4.713411 1.341051 0.641604 0.042204 -0.083094 0.486787 -0.001166 -0.138082 0.027845 -0.006148 -0.010706 0.008218 5.372428 1.285605 0.579261 0.043045 -0.053216 0.287892 -0.005209 -0.136228 0.043386 -0.012962 0.008577 0.004656 0.000000000 1319017756.645075083 
224.371478081 4.880722 1.007826 0.700070 0.024004 -0.112663 0.507700 -0.013526 -0.122081 0.005471 0.000882 -0.002467 -0.000465 5.458903 0.925684 0.678807 0.007607 -0.030790 0.301348 -0.012028 -0.123962 0.016407 -0.005320 -0.002221 -0.002523 0.000000000 1319017759.324392080 
226.653928041 4.988921 0.748906 0.702359 0.026153 -0.118267 0.506495 -0.013897 -0.128758 0.003830 -0.007260 -0.004704 0.004938 5.515720 0.646765 0.713240 -0.004357 -0.035814 0.295548 -0.007005 -0.111905 0.013395 0.005953 0.002910 0.004615 0.000000000 1319017761.606842041 
229.432493925 5.128891 0.417251 0.699078 0.004389 -0.131682 0.519985 -0.001863 -0.120130 0.000227 -0.000896 0.000178 -0.004123 5.586308 0.343401 0.751091 0.011727 -0.027671 0.308341 -0.002704 -0.116706 0.010542 0.003097 0.001727 -0.002830 0.000000000 1319017764.385407925 
233.501157045 5.365359 -0.010568 0.696872 0.002965 -0.130863 0.503067 0.003318 -0.121410 0.001064 0.002912 0.000677 -0.001318 5.719093 -0.113140 0.788094 0.024642 -0.020510 0.296906 -0.012194 -0.131948 0.010135 -0.004500 0.008385 -0.003475 0.000000000 1319017768.454071045 
235.783605099 5.505356 -0.249834 0.699452 0.010006 -0.129310 0.500038 -0.002722 -0.115337 -0.005095 0.000666 -0.001577 -0.001424 5.780426 -0.409820 0.803225 0.014527 -0.001182 0.289451 -0.003304 -0.116027 0.002260 0.001516 0.000081 0.000868 0.000000000 1319017770.736519098 
238.066055059 5.627719 -0.482813 0.684506 0.011955 -0.132876 0.496724 0.003016 -0.117917 -0.000293 0.000466 -0.002228 0.000953 5.848800 -0.665828 0.804527 0.017984 -0.001025 0.291433 -0.004093 -0.121517 0.010558 -0.001578 0.004397 0.000300 0.000000000 1319017773.018969059 
240.546875954 5.774123 -0.736163 0.681311 0.012804 -0.138430 0.499045 0.008762 -0.130336 0.001604 0.007181 -0.009455 0.003581 5.925792 -0.957907 0.825283 0.014070 0.009868 0.292374 -0.007175 -0.124433 0.007607 -0.000369 0.002612 0.003819 0.000000000 1319017775.499789953 
243.325566053 5.968658 -1.042627 0.684491 0.031418 -0.164820 0.508787 0.009813 -0.137125 0.010202 0.008902 -0.015079 -0.003474 6.006590 -1.294946 0.841751 0.013150 0.016976 0.303090 -0.002094 -0.120501 0.008806 0.002053 0.001195 -0.003419 0.000000000 1319017778.278480053 
245.508641958 6.131360 -1.295281 0.700690 0.052310 -0.197477 0.500007 0.009237 -0.156282 0.014854 0.009986 -0.029092 -0.014928 6.081067 -1.547521 0.857590 0.017504 0.019682 0.295659 -0.001987 -0.126428 0.011923 -0.006426 0.000870 0.001779 0.000000000 1319017780.461555958 
247.989598036 6.334795 -1.627550 0.721393 0.085469 -0.267450 0.457846 0.015547 -0.173704 0.038517 0.014957 -0.042768 -0.016432 6.168334 -1.849320 0.881768 0.001649 0.021764 0.300111 -0.000877 -0.122017 0.001553 0.005072 0.000397 -0.001024 0.000000000 1319017782.942512035 
250.470410109 6.547700 -2.010382 0.787928 0.137030 -0.369333 0.404830 0.007368 -0.103304 0.036821 0.003343 0.001156 -0.000055 6.255815 -2.139119 0.885167 0.014175 0.022752 0.297572 -0.012331 -0.130931 0.010540 -0.012401 0.008547 -0.004268 0.000000000 1319017785.423324108 
252.752859116 6.641697 -2.236710 0.841602 0.144568 -0.366702 0.405083 0.006151 -0.104966 0.032760 -0.001227 0.002915 0.012886 6.317056 -2.433243 0.905622 -0.014344 0.042394 0.288101 0.004110 -0.120915 0.003891 0.002418 -0.003212 0.003509 0.000000000 1319017787.705773115 
255.829166889 6.772049 -2.544290 0.898059 0.125140 -0.363224 0.448433 -0.008007 -0.115998 0.043516 -0.006814 0.010103 0.008354 6.435500 -2.785884 0.922375 -0.006443 0.032665 0.299042 -0.007820 -0.128310 0.015053 0.007644 -0.003036 -0.000983 0.000000000 1319017790.782080889 
258.409235001 6.865759 -2.844279 0.959929 0.098279 -0.339937 0.474562 0.005818 -0.123539 0.004259 -0.001331 0.015107 0.007620 6.514962 -3.107541 0.963982 0.013198 0.024817 0.296556 0.011804 -0.112010 -0.026679 0.030066 -0.004235 0.009072 0.000000000 1319017793.362149000 
260.989428997 7.029824 -3.117833 0.945758 0.086723 -0.302979 0.499052 -0.005743 -0.083877 -0.006703 -0.006100 0.037075 0.008207 6.626540 -3.374669 0.890604 0.091348 0.013576 0.319818 0.007463 -0.086340 -0.020419 0.033657 -0.009201 0.004627 0.000000000 1319017795.942342997 
265.653450966 7.209639 -3.460606 0.875699 0.043444 -0.133609 0.552007 -0.017670 -0.115234 -0.050445 -0.018269 0.031760 0.003898 6.781229 -3.736719 0.758572 0.248636 -0.031128 0.337384 -0.005329 -0.129861 -0.040483 0.019908 0.004100 -0.000369 0.000000000 1319017800.606364965 
267.935900927 7.325120 -3.692215 0.745003 0.000250 -0.061564 0.564041 -0.013333 -0.105503 -0.042954 -0.007291 0.001290 -0.006174 6.862099 -3.988703 0.595773 0.294041 -0.021850 0.338871 -0.004319 -0.115116 -0.024449 -0.002818 -0.002032 -0.003649 0.000000000 1319017802.888814926 
270.615216970 7.452080 -3.946356 0.627864 -0.018266 -0.058094 0.547471 -0.017852 -0.136825 -0.053677 -0.016771 -0.013556 -0.012483 6.946140 -4.251945 0.443470 0.286716 -0.024226 0.327933 0.000291 -0.125965 -0.025020 -0.000508 0.002871 0.002357 0.000000000 1319017805.568130970 
272.996913910 7.592693 -4.244961 0.503731 -0.056514 -0.090894 0.518228 0.097510 -0.054474 -0.021909 -0.003119 -0.014071 0.162118 7.037309 -4.507088 0.301526 0.285328 -0.019254 0.335254 0.112695 -0.041932 -0.005247 -0.004946 -0.015111 0.164217 0.000000000 1319017807.949827909 
275.378487110 7.862745 -4.243470 0.480228 -0.094230 -0.096331 0.907392 0.136708 -0.021795 -0.004026 -0.029693 -0.015106 0.213710 7.321811 -4.505717 0.266601 0.247217 -0.160200 0.703558 0.163269 -0.011546 0.007775 -0.014736 0.011667 0.215008 0.000000000 1319017810.331401110 
277.760184050 8.104023 -4.020148 0.506904 -0.200086 -0.074040 1.418964 0.119532 0.011615 -0.030656 0.007774 -0.018836 0.160691 7.633351 -4.282319 0.339711 0.101424 -0.232828 1.221475 0.120966 0.021573 -0.018091 -0.006726 -0.014848 0.159180 0.000000000 1319017812.713098049 
280.340251923 8.137983 -3.707962 0.446472 -0.192894 -0.035364 1.835092 0.037046 -0.065600 -0.013240 0.005387 -0.006649 0.016623 7.684040 -3.967565 0.372022 -0.019225 -0.291894 1.644351 0.031438 -0.048993 -0.010987 0.006349 -0.002900 0.018983 0.000000000 1319017815.293165922 
284.012044907 8.339645 -3.512500 0.449744 -0.175049 -0.047559 1.899737 -0.003332 -0.119338 0.008721 -0.007097 0.005753 -0.011082 7.855281 -3.833457 0.369923 -0.016909 -0.300466 1.717526 0.000147 -0.098871 0.007844 0.020200 0.004523 -0.010705 0.000000000 1319017818.964958906 
286.294495106 8.593688 -3.437179 0.516346 -0.189905 -0.039016 1.872523 -0.023279 -0.127434 0.020950 -0.012992 -0.012661 -0.003473 8.079087 -3.806554 0.390765 0.036802 -0.290464 1.691846 -0.015265 -0.106694 0.037121 0.002536 0.007694 -0.004969 0.000000000 1319017821.247409105 
289.073057890 8.935852 -3.403445 0.637731 -0.226010 -0.075384 1.869684 -0.006637 -0.120502 -0.020945 -0.005054 0.000743 -0.008849 8.385036 -3.836866 0.466923 0.047718 -0.268568 1.678354 -0.005103 -0.139889 -0.004249 -0.013635 0.003191 -0.011103 0.000000000 1319017824.025971889 
291.355382919 9.207018 -3.336884 0.651590 -0.235984 -0.078242 1.849560 0.076946 -0.045700 0.002233 0.006423 -0.011549 0.122966 8.702138 -3.807273 0.439810 0.023438 -0.260000 1.652522 0.081332 -0.048119 0.012746 -0.013413 -0.010884 0.117562 0.000000000 1319017826.308296919 
295.027175903 9.285539 -3.025272 0.720733 -0.222744 -0.009751 2.298241 0.151934 -0.027258 0.008147 -0.000465 0.027750 0.207394 8.856611 -3.516057 0.557798 -0.140023 -0.285232 2.102066 0.142126 -0.024908 0.017936 0.032024 0.003337 0.202855 0.000000000 1319017829.980089903 
297.210376978 9.105591 -2.741784 0.754459 -0.207606 0.147285 2.728405 0.169708 0.025812 0.032578 -0.002386 -0.035467 0.216492 8.754083 -3.246082 0.689598 -0.178705 -0.191073 2.547846 0.157998 0.017045 0.013165 -0.036660 0.012511 0.212282 0.000000000 1319017832.163290977 
299.790445089 8.666591 -2.639386 0.757983 -0.102418 0.143572 -2.983371 0.069641 -0.029424 0.013766 0.002651 -0.003663 0.056241 8.398796 -3.065762 0.792156 -0.345287 -0.040047 3.079358 0.068760 -0.024850 0.015013 0.001962 -0.003906 0.054943 0.000000000 1319017834.743359089 
304.652961016 8.302810 -2.560234 0.789909 -0.046582 0.148072 -2.706412 0.015318 -0.124423 0.001992 0.003934 -0.008400 0.003346 8.075279 -2.956436 0.915045 -0.334133 0.032807 -2.946048 0.005381 -0.115618 -0.008182 -0.001675 0.004743 0.004803 0.000000000 1319017839.605875015 
306.935410023 8.149574 -2.318868 0.802322 -0.036342 0.129269 -2.697820 0.009155 -0.120387 -0.002945 0.003450 -0.004394 -0.012279 8.011393 -2.708705 0.983505 -0.337744 0.046627 -2.939236 -0.006637 -0.123573 -0.009135 -0.009535 0.010054 -0.004945 0.000000000 1319017841.888324022 
310.110964060 7.958832 -1.986151 0.803082 -0.030351 0.113811 -2.736525 -0.000051 -0.132209 0.007499 -0.000033 -0.001681 -0.005752 7.950987 -2.333332 1.087037 -0.369275 0.071532 -2.964689 0.006597 -0.117275 -0.004179 0.009607 -0.004744 -0.003407 0.000000000 1319017845.063878059 
312.294166088 7.842811 -1.722529 0.828055 -0.031843 0.109753 -2.749041 0.003432 -0.126498 0.011251 -0.003240 -0.006193 -0.002889 7.888343 -2.098626 1.169698 -0.348549 0.059188 -2.967893 -0.000697 -0.131845 0.000317 -0.014498 0.006197 0.000616 0.000000000 1319017847.247080088 
314.675736904 7.716762 -1.449741 0.863313 -0.040268 0.094790 -2.755476 0.001641 -0.131000 0.014692 -0.002592 -0.001771 -0.000630 7.832726 -1.809020 1.277558 -0.383331 0.073559 -2.971565 0.009849 -0.117047 -0.001984 0.007245 -0.004473 -0.003596 0.000000000 1319017849.628650904 
317.057434082 7.592119 -1.165407 0.910253 -0.046568 0.090515 -2.756812 -0.000995 -0.132067 0.015313 -0.005664 -0.003958 0.005255 7.758389 -1.557669 1.375445 -0.366386 0.060474 -2.975530 0.001241 -0.131844 0.000079 -0.005014 0.003341 0.004112 0.000000000 1319017852.010348082 
319.141388893 7.487653 -0.912704 0.954947 -0.057343 0.082780 -2.745450 -0.007861 -0.122663 0.008277 -0.001457 -0.000925 0.001917 7.707573 -1.306147 1.473691 -0.376506 0.070043 -2.970011 -0.000726 -0.120697 -0.005578 0.001001 -0.004494 0.000774 0.000000000 1319017854.094302893 
321.522958994 7.389986 -0.638646 0.992792 -0.060423 0.080842 -2.740750 -0.002167 -0.117238 0.010367 -0.004793 0.001947 -0.001545 7.656361 -1.038767 1.566916 -0.373743 0.060766 -2.964352 -0.001547 -0.128195 -0.000046 -0.008469 0.003954 -0.003630 0.000000000 1319017856.475872993 
324.003902912 7.279026 -0.372030 1.036323 -0.072648 0.085432 -2.744884 -0.005177 -0.119230 0.013530 0.002485 0.003153 0.003568 7.600985 -0.747842 1.682946 -0.395472 0.066606 -2.976342 -0.005838 -0.126547 0.001695 -0.000999 -0.002582 0.002874 0.000000000 1319017858.956816912 
326.087857962 7.190346 -0.142719 1.083232 -0.066876 0.092522 -2.737915 0.006872 -0.113010 0.007748 -0.002387 0.001120 0.002916 7.566266 -0.508288 1.788378 -0.397041 0.063946 -2.968728 -0.002959 -0.134114 0.001738 -0.016156 0.009190 -0.001563 0.000000000 1319017861.040771961 
328.370179892 7.072398 0.085458 1.116513 -0.071721 0.095515 -2.731415 -0.013538 -0.122303 0.001951 0.001789 -0.006561 -0.000821 7.516933 -0.231908 1.910582 -0.434711 0.081905 -2.980165 -0.005404 -0.125524 -0.004818 -0.007888 -0.009189 -0.001453 0.000000000 1319017863.323093891 
330.454133034 6.994941 0.328672 1.141421 -0.068069 0.081756 -2.732144 -0.003691 -0.128173 -0.003841 -0.004051 -0.001980 0.000279 7.481038 0.006912 2.012223 -0.450792 0.063260 -2.974836 -0.001344 -0.130542 -0.016163 -0.003671 0.001992 -0.001629 0.000000000 1319017865.407047033 
332.736581087 6.885376 0.599943 1.153224 -0.077239 0.077291 -2.731198 -0.004547 -0.131560 0.015613 0.000087 -0.005984 0.001919 7.430850 0.286727 2.108830 -0.459506 0.065731 -2.980175 -0.007597 -0.127787 0.004162 -0.001653 0.001288 0.001099 0.000000000 1319017867.689495087 
335.316772938 6.757617 0.910051 1.220289 -0.076547 0.062277 -2.725058 -0.000257 -0.119924 0.010009 -0.002094 -0.014086 -0.001398 7.393322 0.575196 2.265636 -0.463702 0.069969 -2.979105 0.000104 -0.119891 -0.001406 -0.012278 0.000302 -0.002346 0.000000000 1319017870.269686937 
337.599097013 6.645957 1.157160 1.263948 -0.081412 0.029978 -2.725781 -0.000746 -0.134636 0.010207 0.004025 -0.003787 -0.001814 7.345020 0.816736 2.384841 -0.492075 0.068191 -2.984214 -0.003674 -0.124932 -0.012065 0.006935 -0.001626 0.001415 0.000000000 1319017872.552011013 
340.179287910 6.507231 1.472051 1.318479 -0.071146 0.019859 -2.729653 -0.003181 -0.124104 0.013212 -0.002996 -0.019008 -0.003193 7.299126 1.112002 2.510056 -0.473823 0.066217 -2.979002 -0.003699 -0.116937 -0.007001 -0.010344 0.001467 -0.003809 0.000000000 1319017875.132201910 
342.362365007 6.405337 1.720207 1.366636 -0.077826 -0.022027 -2.733652 0.000304 -0.137762 0.023465 -0.003179 -0.018376 0.003504 7.262459 1.343248 2.613248 -0.496974 0.065270 -2.987881 -0.001566 -0.124844 -0.008987 -0.001306 0.001125 0.003277 0.000000000 1319017877.315279007 
345.339421034 6.246501 2.091079 1.468164 -0.087721 -0.075755 -2.718972 -0.004217 -0.129939 0.022479 -0.000978 -0.005175 -0.000058 7.205177 1.677886 2.766905 -0.500396 0.072863 -2.980882 -0.005172 -0.128382 -0.009443 -0.000141 -0.003247 -0.001742 0.000000000 1319017880.292335033 
347.621870041 6.141243 2.362755 1.544307 -0.090028 -0.087533 -2.718065 0.007254 -0.120181 0.012255 0.000837 -0.005434 0.003669 7.165259 1.942345 2.889116 -0.500728 0.064452 -2.980816 0.001671 -0.124139 -0.013665 -0.006860 0.000605 0.001715 0.000000000 1319017882.574784040 
350.400432110 5.992611 2.657202 1.609759 -0.088720 -0.101649 -2.706496 0.003349 -0.127781 0.015093 -0.000103 -0.000644 0.004827 7.100920 2.256911 3.020821 -0.519570 0.068214 -2.977435 0.000563 -0.127008 -0.020173 0.003157 -0.001598 0.000543 0.000000000 1319017885.353346109 
352.682879925 5.870089 2.917242 1.670379 -0.090083 -0.102131 -2.695333 -0.008816 -0.119288 0.014921 -0.008264 -0.000191 -0.003847 7.047807 2.526348 3.124455 -0.512168 0.065664 -2.974541 -0.010600 -0.110480 -0.024370 0.011433 0.005444 -0.008204 0.000000000 1319017887.635793924 
355.461441994 5.757749 3.225301 1.738619 -0.111953 -0.103615 -2.705987 -0.002933 -0.122037 0.008461 -0.001123 -0.002692 0.001565 7.020862 2.826820 3.217606 -0.482049 0.067655 -3.001886 0.002089 0.011542 -0.072567 0.159845 -0.007896 0.007093 0.000000000 1319017890.414355993 
357.743890047 5.652616 3.479301 1.787966 -0.114958 -0.109321 -2.701726 0.004714 -0.123015 -0.000209 0.003417 0.004751 -0.004352 7.019352 2.880577 3.058677 -0.115625 0.059174 -2.979147 0.000771 0.006583 -0.094132 0.175176 0.002694 -0.009673 0.000000000 1319017892.696804047 
360.423203945 5.505483 3.771996 1.826371 -0.104372 -0.098003 -2.714833 -0.008916 -0.126256 0.003182 -0.007740 0.001977 0.000015 7.030184 2.894082 2.806436 0.352191 0.063332 -3.005778 -0.000944 0.013713 -0.071337 0.186228 -0.003781 -0.003241 0.000000000 1319017895.376117945 
362.606405020 5.413117 4.030354 1.859921 -0.121230 -0.093706 -2.715253 -0.140564 0.025566 0.003702 -0.004292 -0.000312 -0.216414 7.051818 2.814453 2.670983 0.758159 0.058021 -3.015283 -0.070304 0.050634 -0.075557 0.077096 -0.035408 -0.236185 0.000000000 1319017897.559319019 
366.377319098 5.934069 4.160009 1.812514 -0.030680 -0.153577 2.747287 -0.144019 0.015608 -0.058570 -0.023984 0.011408 -0.196312 7.360866 2.516466 2.610888 0.743699 0.487678 2.439366 -0.124100 0.033241 -0.051141 0.014653 0.009625 -0.200861 0.000000000 1319017901.330233097 
368.957509995 6.237921 3.994999 1.605174 -0.013814 -0.119622 2.236230 -0.043106 -0.042488 -0.001100 0.004336 -0.003835 -0.023132 7.492307 2.205546 2.726431 0.464345 0.802719 1.915311 -0.049461 -0.044180 -0.009948 -0.007249 -0.000068 -0.023298 0.000000000 1319017903.910423994 
373.820023060 6.528782 3.959114 1.577682 0.020845 -0.139060 2.122943 0.003261 -0.117693 0.031195 -0.001773 0.005420 0.015673 7.743022 2.011419 2.802524 0.316158 0.847464 1.761773 -0.001126 -0.122925 -0.003838 0.005052 0.004254 0.013629 0.000000000 1319017908.772937059 
376.102471113 6.759608 4.099298 1.643668 0.011753 -0.127348 2.159257 -0.005791 -0.111278 0.031870 0.001446 -0.011843 0.016243 8.016084 1.989520 2.741201 0.364393 0.846422 1.810956 -0.004907 -0.118027 0.005348 -0.011675 -0.002814 0.012614 0.000000000 1319017911.055385113 
378.384795904 6.983752 4.222464 1.711172 0.010325 -0.154725 2.196440 0.009394 -0.115356 0.033002 -0.003788 -0.000675 0.023667 8.281609 1.981673 2.693529 0.364946 0.829827 1.847418 0.008012 -0.121886 -0.002944 0.000017 0.003688 0.018332 0.000000000 1319017913.337709904 
380.865736961 7.210045 4.399356 1.792736 -0.008243 -0.156736 2.255865 -0.058792 -0.050520 0.000991 -0.010434 0.004560 -0.102527 8.570297 1.989572 2.601408 0.414141 0.821015 1.914578 -0.060747 -0.054988 -0.009346 0.000187 0.009191 -0.103426 0.000000000 1319017915.818650961 
384.636650085 7.496620 4.349653 1.763374 0.012439 -0.131013 1.865641 -0.168431 -0.003125 -0.048171 0.014381 0.013303 -0.212285 8.816820 1.822078 2.690201 -0.040532 0.931125 1.320955 -0.171218 -0.008083 -0.021891 0.003155 -0.019668 -0.209133 0.000000000 1319017919.589564085 
386.919097900 7.608716 4.000388 1.604065 0.104879 -0.079795 1.380144 -0.129695 0.066484 -0.093702 -0.015665 -0.009641 -0.223002 8.769210 1.552755 2.974378 -0.549093 0.739649 0.654354 -0.148917 0.068103 -0.049135 -0.015008 0.014437 -0.221821 0.000000000 1319017921.872011900 
389.697659016 7.337113 3.706408 1.336516 0.088160 -0.030846 0.760911 -0.077316 0.007586 -0.034829 -0.013077 0.007645 -0.076948 8.356716 1.349960 3.094294 -0.893432 0.359866 0.073468 -0.087989 0.003386 -0.018571 0.004950 0.016361 -0.077220 0.000000000 1319017924.650573015 
393.071707010 7.126128 3.555005 1.213721 0.049000 0.018467 0.504706 -0.034372 -0.100376 0.000547 0.016690 -0.001940 -0.003848 8.065741 1.286766 3.153751 -0.926279 0.185586 -0.135823 -0.039931 -0.100448 0.024576 -0.004688 -0.012655 -0.005053 0.000000000 1319017928.024621010 
395.453275919 7.169804 3.306284 1.204826 0.088573 0.014299 0.495325 -0.003080 -0.118056 -0.015125 -0.011096 -0.009058 0.004048 8.001402 1.197715 3.393809 -0.934708 0.157835 -0.118750 -0.011612 -0.118058 0.006735 -0.009848 0.015231 0.004170 0.000000000 1319017930.406189919 
397.636476994 7.283828 3.079405 1.149238 0.064464 -0.006180 0.502377 -0.011941 -0.133192 0.004299 0.002584 -0.004359 -0.002317 7.993526 1.056366 3.611180 -0.960062 0.184870 -0.140460 -0.014417 -0.122778 0.025229 0.001132 0.000307 -0.001058 0.000000000 1319017932.589390993 
401.605885029 7.496952 2.593262 1.131918 0.074791 -0.022852 0.492082 -0.007544 -0.142959 0.010575 0.003576 -0.009668 0.001114 7.993308 0.856990 4.070604 -0.956197 0.182128 -0.143924 -0.011071 -0.135462 0.030641 -0.005658 -0.000172 0.000803 0.000000000 1319017936.558799028 
404.186075926 7.654557 2.258089 1.131119 0.084018 -0.047941 0.493084 0.006291 -0.125525 0.006256 0.000845 -0.008034 0.003081 8.005220 0.716882 4.401447 -0.970506 0.183563 -0.142339 -0.000078 -0.117292 0.012662 -0.001934 0.003147 0.002308 0.000000000 1319017939.138989925 
406.369149923 7.796833 2.023250 1.122402 0.085624 -0.065982 0.498324 -0.019209 -0.137001 0.004032 -0.005995 -0.013563 -0.000993 8.028770 0.590430 4.624571 -0.975280 0.191601 -0.145215 -0.010720 -0.101752 0.015027 0.011942 0.002011 -0.000146 0.000000000 1319017941.322063923 
409.048589945 7.928164 1.677281 1.098423 0.069998 -0.101962 0.492538 -0.001888 -0.139555 0.022501 -0.001594 -0.010513 0.003420 8.030346 0.469329 4.873788 -0.944195 0.194297 -0.149986 -0.003857 -0.120581 0.023241 0.002632 0.004777 0.005350 0.000000000 1319017944.001503944 
411.926397085 8.111712 1.315970 1.134185 0.064651 -0.132827 0.500304 -0.004590 -0.132141 0.013277 -0.001555 -0.008309 -0.003080 8.058418 0.314085 5.190210 -0.937165 0.214830 -0.152144 -0.001984 -0.117378 0.017988 0.003639 0.000650 -0.001341 0.000000000 1319017946.879311085 
414.308090925 8.252533 1.032697 1.143862 0.062111 -0.152096 0.491606 0.001056 -0.121668 0.010784 -0.000062 0.000751 -0.000992 8.086819 0.177206 5.436113 -0.929176 0.213172 -0.155355 -0.010136 -0.121467 0.013099 0.000471 0.008327 -0.002162 0.000000000 1319017949.261004925 
418.773612022 8.512107 0.553192 1.158750 0.062478 -0.148471 0.487347 -0.001279 -0.119601 0.011355 0.000607 -0.006561 -0.000307 8.098278 -0.105745 5.904610 -0.934874 0.227558 -0.191860 -0.007416 -0.116717 0.011649 -0.001578 0.004817 -0.000656 0.000000000 1319017953.726526022 
421.155307055 8.642164 0.298453 1.167404 0.064187 -0.164021 0.485617 0.000823 -0.123881 0.010368 -0.001872 -0.005512 0.000755 8.107338 -0.252954 6.142527 -0.941007 0.233103 -0.202299 0.000031 -0.133864 0.009455 -0.013952 0.003576 -0.000465 0.000000000 1319017956.108221054 
423.933870077 8.804389 -0.006426 1.174359 0.058808 -0.179439 0.486746 0.005873 -0.127295 0.007216 0.002837 -0.003334 0.003327 8.139191 -0.461442 6.450024 -0.981879 0.237901 -0.211345 -0.001068 -0.129578 0.005968 -0.004623 0.000867 -0.001137 0.000000000 1319017958.886784077 
428.101771116 9.074424 -0.464750 1.177588 0.068262 -0.194112 0.500021 0.000500 -0.121213 0.001689 0.001268 0.004625 -0.004548 8.183033 -0.756507 6.900940 -1.002499 0.235962 -0.217141 -0.003771 -0.125368 -0.000357 0.000749 0.000903 -0.006040 0.000000000 1319017963.054685116 
430.880331039 9.239969 -0.757561 1.159910 0.074087 -0.180414 0.488098 0.001183 -0.118578 0.004398 -0.000052 0.001925 0.002599 8.199417 -0.952964 7.188326 -1.002997 0.223154 -0.228570 0.002082 -0.118960 0.003562 -0.000422 -0.001572 -0.000743 0.000000000 1319017965.833245039 
433.361149073 9.382197 -1.015110 1.149719 0.072722 -0.176124 0.494989 0.001585 -0.121917 0.003769 0.001681 0.000610 -0.001697 8.224705 -1.114143 7.434457 -1.003531 0.219502 -0.226218 -0.008647 -0.116885 0.000550 0.001588 0.007866 -0.000780 0.000000000 1319017968.314063072 
435.941338062 9.537137 -1.288805 1.137484 0.077814 -0.174235 0.490672 -0.004217 -0.133682 -0.002678 -0.006696 0.000109 -0.004360 8.221539 -1.278474 7.688307 -1.003565 0.228673 -0.244903 0.006971 -0.125068 -0.005360 0.002953 -0.000780 0.003335 0.000000000 1319017970.894252062 
438.124536991 9.670397 -1.546988 1.107803 0.064859 -0.173250 0.481055 -0.004473 -0.127568 -0.001816 0.000220 -0.003506 -0.009658 8.247217 -1.446285 7.903025 -0.995851 0.233897 -0.239406 -0.005868 -0.129368 0.000198 -0.010679 0.002137 -0.002756 0.000000000 1319017973.077450991 
440.704602003 9.816129 -1.841071 1.080196 0.069867 -0.180605 0.455184 0.002392 -0.131153 -0.006097 0.001976 -0.004378 -0.005860 8.253105 -1.634115 8.179291 -1.025393 0.230919 -0.248130 0.002655 -0.111974 -0.015230 0.009312 -0.001349 -0.001656 0.000000000 1319017975.657516003 
443.284790993 9.975850 -2.137512 1.042627 0.077865 -0.190795 0.439020 -0.004813 -0.124943 0.003268 -0.000305 -0.001216 0.004446 8.264786 -1.826346 8.398321 -1.001197 0.225460 -0.247351 -0.007847 -0.129492 -0.000110 -0.004746 0.003302 0.004365 0.000000000 1319017978.237704992 
445.864856005 10.104558 -2.432852 1.023905 0.074910 -0.194802 0.450428 -0.003003 -0.122561 -0.004727 -0.004912 0.001366 0.005067 8.262431 -2.011830 8.676927 -1.013751 0.239540 -0.248484 0.003930 -0.116863 -0.006371 0.005179 -0.000480 0.003881 0.000000000 1319017980.817770004 
449.834263086 10.314225 -2.868778 0.967518 0.051365 -0.190859 0.471271 0.004886 -0.115747 0.000591 0.002145 0.004526 0.014110 8.299004 -2.296270 9.042745 -0.990729 0.251598 -0.238406 -0.001665 -0.121933 0.001695 -0.001336 0.002829 0.012180 0.000000000 1319017984.787177086 
453.009813070 10.497374 -3.187546 0.953773 0.049362 -0.178605 0.517489 0.145262 0.024865 0.019577 -0.004733 -0.022822 0.212889 8.324034 -2.516116 9.360589 -0.991336 0.288848 -0.224137 0.145484 0.013519 0.023906 -0.030289 0.006957 0.211497 0.000000000 1319017987.962727070 
455.689125061 10.790000 -2.947385 1.077709 -0.069364 -0.237720 1.100780 0.143874 -0.006943 -0.015415 0.021315 0.017430 0.214716 8.705979 -2.527874 9.254124 -0.877667 0.748545 0.165488 0.150311 -0.014609 -0.001283 0.010027 -0.027072 0.207736 0.000000000 1319017990.642039061 
457.971571922 10.954438 -2.663970 1.121995 -0.124110 -0.137799 1.591088 0.069699 -0.021141 0.003827 -0.001128 -0.001697 0.060109 8.973754 -2.507035 9.038058 -0.328288 0.983198 0.822718 0.061987 -0.032054 0.006294 -0.008201 0.009305 0.057590 0.000000000 1319017992.924485922 
463.231076002 11.054987 -2.303385 1.205770 -0.166692 -0.101376 1.907546 -0.000413 -0.110119 -0.003388 0.007880 0.002058 -0.006734 9.254361 -2.423575 8.814226 0.116379 1.060008 1.398643 -0.010844 -0.110216 -0.002423 0.000818 0.000703 -0.007626 0.000000000 1319017998.183990002 
465.711889982 11.312147 -2.218410 1.242515 -0.145358 -0.099098 1.890139 0.010408 -0.127235 -0.010694 -0.003254 0.001124 -0.003286 9.513345 -2.515353 8.819254 0.084997 1.063627 1.360365 0.011831 -0.113591 -0.014150 0.011400 0.001034 -0.006264 0.000000000 1319018000.664803982 
467.795840979 11.558034 -2.116076 1.260937 -0.151429 -0.097769 1.882990 -0.018727 -0.118103 -0.012972 -0.003356 -0.002297 -0.011268 9.735025 -2.594682 8.773671 0.085539 1.066732 1.333812 -0.020479 -0.119777 -0.009657 -0.006050 0.004870 -0.014239 0.000000000 1319018002.748754978 
470.475152969 11.876455 -2.067151 1.269353 -0.157520 -0.108365 1.853905 -0.001120 -0.119982 -0.004545 -0.005040 0.008555 0.003277 10.026528 -2.740270 8.796022 0.000472 1.081721 1.255225 0.001514 -0.113273 -0.004719 0.009408 0.002432 0.001619 0.000000000 1319018005.428066969 
472.757599115 12.139412 -1.996981 1.301598 -0.169523 -0.087906 1.858244 0.149836 0.002417 0.010300 -0.000685 -0.026852 0.210650 10.269815 -2.828108 8.787854 0.028965 1.087257 1.263176 0.144503 0.008839 0.013920 -0.022072 -0.004632 0.207868 0.000000000 1319018007.710513115 
475.337661982 12.020666 -1.632817 1.360582 -0.192465 -0.056260 2.406259 0.156739 -0.016677 -0.000909 0.016155 0.006308 0.214480 10.311366 -2.625474 8.474767 0.718067 0.845890 2.141576 0.128459 -0.019060 0.003161 0.014115 -0.000713 0.210927 0.000000000 1319018010.290575981 
477.620109081 11.781326 -1.365404 1.385935 -0.159665 0.054306 2.883593 0.201597 0.016728 0.009908 0.010668 -0.031685 0.225211 10.247267 -2.456222 8.239912 1.004477 0.478736 2.544023 0.162327 0.021182 0.007637 -0.016418 0.009549 0.223557 0.000000000 1319018012.573023081 
479.108699083 11.484164 -1.314839 1.380232 -0.116780 0.056924 -3.060649 0.125509 0.000431 -0.005595 0.014643 -0.007535 0.133833 10.053386 -2.333130 8.157631 1.042323 0.198756 2.736213 0.121480 0.015610 0.000749 0.007077 -0.021208 0.133616 0.000000000 1319018014.061613083 
481.291897058 11.212148 -1.336414 1.352421 -0.063430 0.071727 -2.767778 0.048533 -0.066348 0.007037 0.000102 0.004808 0.014811 9.802754 -2.242734 8.134924 1.071042 -0.077257 2.841604 0.032883 -0.066171 0.001234 0.005582 0.011936 0.015818 0.000000000 1319018016.244811058 
484.467322111 10.990405 -1.199059 1.376939 -0.059740 0.089866 -2.721627 0.003485 -0.110104 0.006279 -0.000897 0.009292 -0.003652 9.720609 -2.108325 7.960981 1.082625 -0.103009 2.899243 0.000056 -0.101120 -0.001721 0.013444 0.004772 0.004589 0.000000000 1319018019.420236111 
487.642874002 10.835181 -0.887444 1.416559 -0.063815 0.118622 -2.735056 0.003998 -0.122217 -0.001298 -0.000531 -0.000965 -0.006437 9.726857 -1.959702 7.676352 1.123057 -0.108750 2.919582 0.001282 -0.115210 -0.009346 0.004391 0.002436 -0.005173 0.000000000 1319018022.595788002 
491.810771942 10.615883 -0.428019 1.441483 -0.069164 0.112856 -2.761742 0.003667 -0.116769 0.000528 0.000884 -0.009392 -0.001415 9.712105 -1.779254 7.229874 1.141484 -0.084918 2.919401 -0.007530 -0.111665 -0.008422 -0.005329 0.008946 -0.001642 0.000000000 1319018026.763685942 
494.490084887 10.488719 -0.142826 1.463263 -0.067047 0.087489 -2.763792 -0.005194 -0.126184 -0.001046 -0.009811 0.002060 0.000014 9.731352 -1.676963 6.947750 1.125701 -0.070925 2.939415 -0.001987 -0.131304 -0.008842 -0.003811 0.007702 -0.008226 0.000000000 1319018029.442998886 
496.772530079 10.392262 0.128230 1.481148 -0.089465 0.092182 -2.764075 0.002678 -0.128260 0.009048 0.003321 -0.006354 0.000959 9.738654 -1.565339 6.668946 1.116711 -0.046409 2.947208 -0.004021 -0.120569 0.001888 -0.000671 0.000760 -0.003439 0.000000000 1319018031.725444078 
499.451841116 10.255557 0.439894 1.535103 -0.080204 0.075455 -2.759983 0.002381 -0.124496 -0.001738 -0.006164 -0.005560 0.001082 9.764348 -1.421346 6.380670 1.115016 -0.037236 2.944995 0.004126 -0.124688 -0.010721 -0.007803 0.004376 -0.006617 0.000000000 1319018034.404755116 
501.635039091 10.148479 0.689178 1.552654 -0.093415 0.063545 -2.756650 -0.004363 -0.135205 -0.001599 0.000821 0.002330 0.004936 9.765520 -1.320835 6.126450 1.097987 -0.020059 2.947216 -0.001401 -0.129248 -0.012756 0.005336 -0.002855 0.000734 0.000000000 1319018036.587953091 
504.413598061 10.017281 1.040041 1.583981 -0.090297 0.071265 -2.743565 0.008028 -0.119861 0.013147 -0.000431 -0.004392 -0.000731 9.788223 -1.190784 5.790575 1.112962 -0.025486 2.941079 0.000790 -0.122618 0.002782 -0.008177 0.005978 -0.001374 0.000000000 1319018039.366512060 
506.497548103 9.903164 1.259241 1.632473 -0.091248 0.062013 -2.744258 -0.001881 -0.122618 0.013325 0.002391 -0.003013 0.002040 9.804483 -1.073528 5.564040 1.095727 -0.017410 2.950990 -0.007879 -0.119960 -0.001023 -0.000854 0.001677 0.000100 0.000000000 1319018041.450462103 
509.176984072 9.778712 1.558309 1.698152 -0.084459 0.054471 -2.738070 -0.009936 -0.137281 0.001941 -0.011559 -0.005408 0.001927 9.847692 -0.934615 5.276631 1.093371 -0.015594 2.955109 -0.001919 -0.131167 -0.009730 0.000910 0.004025 -0.002491 0.000000000 1319018044.129898071 
511.360059023 9.680035 1.840497 1.728793 -0.109415 0.043060 -2.732877 -0.012023 -0.136702 0.006956 -0.010484 -0.015198 -0.000591 9.868659 -0.823874 5.012510 1.095322 -0.006725 2.960414 -0.006686 -0.123560 -0.011126 -0.003436 0.007844 0.002659 0.000000000 1319018046.312973022 
514.237987995 9.554721 2.210009 1.793084 -0.139561 -0.000603 -2.729792 -0.008173 -0.133402 0.007154 -0.001282 -0.014629 -0.005597 9.909598 -0.694829 4.681577 1.085231 -0.003193 2.983986 -0.006564 -0.123959 -0.013322 -0.003651 -0.000500 -0.005124 0.000000000 1319018049.190901995 
516.421061039 9.456538 2.479459 1.849052 -0.142422 -0.033929 -2.737449 0.005350 -0.126920 0.000196 -0.003907 -0.003511 0.001090 9.938739 -0.597623 4.428628 1.077245 0.006192 2.977798 0.004528 -0.124315 -0.015261 -0.000649 0.003406 -0.000768 0.000000000 1319018051.373975039 
518.902000904 9.323210 2.761365 1.894651 -0.152252 -0.042167 -2.733533 -0.001279 -0.120225 0.018063 0.000785 -0.012157 0.001049 9.947813 -0.484821 4.139018 1.075701 0.011873 2.984338 -0.010459 -0.120978 0.002797 -0.010346 0.003186 -0.003414 0.000000000 1319018053.854914904 
521.085200071 9.228241 2.996439 1.973251 -0.150856 -0.068053 -2.727230 -0.000367 -0.132741 0.013003 -0.010967 -0.001932 0.014970 9.993548 -0.359577 3.909802 1.053183 0.021737 2.986917 0.002397 -0.127795 -0.010718 0.005605 0.004779 0.009460 0.000000000 1319018056.038114071 
523.069901943 9.129657 3.233381 2.038157 -0.174595 -0.067349 -2.697213 0.002256 -0.125866 0.007570 0.000697 -0.012425 0.002215 10.010295 -0.253881 3.678818 1.064498 0.010113 3.004450 -0.002176 -0.122742 -0.010308 -0.006931 -0.000706 -0.001313 0.000000000 1319018058.022815943 
525.749212027 8.987729 3.529732 2.116940 -0.173601 -0.099099 -2.685532 0.007921 -0.130286 -0.003983 -0.002733 -0.010112 0.009469 10.037587 -0.121039 3.377893 1.045886 0.012271 3.001089 0.007939 -0.129883 -0.017350 -0.012487 0.003625 0.007138 0.000000000 1319018060.702126026 
527.932410955 8.851832 3.776801 2.159017 -0.181966 -0.117244 -2.661194 -0.000602 -0.121418 0.000699 0.002766 0.010040 0.004242 10.038947 -0.010820 3.113334 1.018673 0.002751 3.015746 -0.010208 -0.023801 -0.056714 0.129101 0.004135 0.015868 0.000000000 1319018062.885324955 
531.405577898 8.670372 4.149425 2.236932 -0.173426 -0.080280 -2.652996 -0.009002 -0.120616 -0.001934 0.000910 0.004557 0.000748 10.058987 -0.138698 2.939736 1.465969 -0.036623 3.056902 -0.001825 0.021654 -0.082140 0.177659 -0.013126 0.006586 0.000000000 1319018066.358491898 
533.787269115 8.559241 4.411705 2.280101 -0.171259 -0.069282 -2.653114 -0.004583 -0.124050 -0.017543 -0.005065 0.004464 -0.002917 10.047525 -0.338398 2.970377 1.890700 -0.055470 3.027407 -0.012796 -0.000332 -0.108909 0.164912 0.011244 0.013518 0.000000000 1319018068.740183115 
535.970465899 8.440272 4.658079 2.287804 -0.181769 -0.060761 -2.661064 -0.010634 -0.119214 -0.021874 0.003217 0.006146 -0.002340 10.053574 -0.566508 3.042799 2.249341 -0.091195 3.041489 0.003576 0.013271 -0.110683 0.159617 -0.012683 0.010535 0.000000000 1319018070.923379898 
538.054415941 8.343135 4.892284 2.286534 -0.174644 -0.049045 -2.668183 0.008530 -0.109528 -0.023803 0.000744 0.005738 0.025743 10.045050 -0.728673 3.209092 2.585414 -0.091636 3.006990 0.015846 -0.025557 -0.074989 0.090715 -0.012433 0.031949 0.000000000 1319018073.007329941 
543.413039923 8.027848 5.405089 2.265174 -0.175619 0.005555 -2.537800 0.147172 0.012796 -0.047730 -0.002268 -0.036633 0.219832 9.941572 -1.046113 3.484703 3.096812 -0.123348 2.825098 0.150522 0.002690 0.001738 -0.039527 0.012613 0.217490 0.000000000 1319018078.365953922 
545.893978119 7.733844 5.189472 2.141009 -0.152644 0.005628 -1.985638 0.127831 -0.004012 -0.090297 0.026260 -0.004759 0.218619 9.591046 -0.924095 3.526672 3.068955 -0.160017 2.280319 0.146042 -0.000571 -0.037003 0.009332 -0.026524 0.220156 0.000000000 1319018080.846892118 
548.275671959 7.573047 4.928920 1.928192 -0.067232 0.069372 -1.468297 0.104468 0.000934 -0.066811 -0.017171 -0.000763 0.119610 9.370574 -0.679243 3.668770 -3.101506 -0.111524 1.749715 0.122351 0.000994 -0.035884 0.006411 0.011215 0.124043 0.000000000 1319018083.228585958 
550.855734110 7.590211 4.672377 1.737774 -0.087269 0.084539 -1.159136 0.029851 -0.070262 -0.020013 0.000165 -0.005573 0.013463 9.322748 -0.379542 3.795734 -3.051624 -0.122104 1.426366 0.026194 -0.071775 0.005272 -0.003334 0.002621 0.016057 0.000000000 1319018085.808648109 
554.428145885 7.396191 4.476268 1.679600 -0.082387 0.068790 -1.109379 -0.001208 -0.106251 -0.015352 0.006284 -0.005513 -0.006322 9.081655 -0.251146 3.811380 -3.056569 -0.126074 1.367932 -0.005477 -0.113404 0.009685 -0.009853 -0.004279 -0.004198 0.000000000 1319018089.381059885 
556.809839010 7.165917 4.366177 1.664219 -0.068378 0.054459 -1.123324 0.008087 -0.111632 -0.032800 -0.005194 -0.002518 -0.000394 8.813531 -0.209202 3.809694 -3.081408 -0.116761 1.378834 0.005772 -0.111743 -0.006407 0.002667 0.008231 0.003464 0.000000000 1319018091.762753010 
559.489147902 6.899262 4.218261 1.595899 -0.082329 0.047657 -1.123916 0.003027 -0.125366 -0.020900 0.006047 0.002607 -0.005799 8.523332 -0.141322 3.846399 -3.073004 -0.138209 1.368144 -0.000362 -0.120830 0.009314 0.009661 -0.005374 -0.002865 0.000000000 1319018094.442061901 
561.672344923 6.652273 4.093795 1.572644 -0.069747 0.052283 -1.137019 0.002935 -0.128457 -0.019693 -0.003273 -0.004855 -0.001103 8.264081 -0.088541 3.844104 -3.052888 -0.126930 1.375245 -0.002844 -0.125055 0.006679 -0.000471 0.006077 -0.001400 0.000000000 1319018096.625258923 
564.252532959 6.351619 3.947786 1.544696 -0.078299 0.039588 -1.138987 0.002935 -0.119329 -0.020962 -0.002654 0.000778 0.004956 7.945616 -0.034352 3.854501 -3.054374 -0.142869 1.377475 0.002953 -0.123718 0.004189 -0.000458 0.001774 0.004083 0.000000000 1319018099.205446959 
567.427956104 6.007094 3.780372 1.507635 -0.086105 0.043277 -1.123478 -0.009366 -0.109453 -0.026447 -0.001594 -0.003354 0.000445 7.561614 0.047238 3.876593 -3.053906 -0.147340 1.363923 -0.007726 -0.121086 -0.002250 -0.010089 0.000111 -0.003246 0.000000000 1319018102.380870104 
570.008142948 5.736862 3.679604 1.465024 -0.090140 0.034753 -1.121588 0.001936 -0.123602 -0.026865 -0.001589 0.010946 0.004244 7.252473 0.087000 3.906449 -3.081177 -0.148353 1.372334 0.004028 -0.129258 0.000604 0.008830 -0.000623 0.001975 0.000000000 1319018104.961056948 
572.092092991 5.502497 3.563403 1.432331 -0.093237 0.058266 -1.114823 -0.009343 -0.115304 -0.022996 -0.006218 -0.000872 -0.003368 6.990000 0.145991 3.922532 -3.062173 -0.146807 1.368261 -0.006707 -0.125990 0.002992 -0.007936 0.002996 -0.005164 0.000000000 1319018107.045006990 
574.870650053 5.198481 3.445356 1.400110 -0.111042 0.054979 -1.123928 -0.010337 -0.115894 -0.037519 -0.007410 0.003916 -0.002271 6.643239 0.195468 3.939081 -3.086249 -0.156231 1.382071 -0.001906 -0.128345 -0.008062 -0.001577 0.002963 -0.001827 0.000000000 1319018109.823564053 
577.252341032 4.930160 3.347584 1.343330 -0.129044 0.063648 -1.130349 -0.006786 -0.111798 -0.036219 0.002454 -0.000761 -0.003100 6.342598 0.242609 3.974015 -3.090628 -0.163517 1.386078 -0.007707 -0.118458 -0.005464 -0.001061 -0.000834 -0.003377 0.000000000 1319018112.205255032 
579.931652069 4.640863 3.235345 1.286914 -0.122973 0.060554 -1.138339 -0.001010 -0.113236 -0.035743 -0.002070 0.000222 0.002999 6.027087 0.275738 4.001032 -3.094982 -0.161740 1.395350 0.001300 -0.125207 -0.005015 -0.004282 0.000446 0.000352 0.000000000 1319018114.884566069 
582.214095116 4.396673 3.128446 1.237880 -0.127287 0.061894 -1.131596 -0.003934 -0.123642 -0.033307 0.001983 -0.004601 -0.003821 5.746342 0.324431 4.025936 -3.104617 -0.162718 1.394488 -0.008561 -0.117467 -0.001087 0.007028 0.001480 -0.001945 0.000000000 1319018117.167009115 
584.794157982 4.094923 3.000933 1.193850 -0.122688 0.048865 -1.139875 -0.000765 -0.113729 -0.031266 -0.004967 -0.003786 0.005287 5.444053 0.353843 4.036179 -3.087285 -0.166717 1.399429 0.000239 -0.117342 -0.000612 -0.001523 0.004634 0.002614 0.000000000 1319018119.747071981 
587.076601982 3.851385 2.892988 1.154923 -0.133383 0.041762 -1.126830 -0.006587 -0.126609 -0.039529 0.002760 -0.005940 -0.003766 5.180255 0.397359 4.051982 -3.089659 -0.176950 1.392793 -0.008850 -0.130771 -0.006096 -0.002326 -0.000056 -0.006053 0.000000000 1319018122.029515982 
589.755912066 3.526401 2.760708 1.095855 -0.126330 0.024646 -1.134715 0.002807 -0.109927 -0.027100 -0.002579 -0.002967 -0.002631 4.831508 0.430214 4.081768 -3.098796 -0.177618 1.409256 0.002452 -0.114134 -0.000276 -0.001503 0.002818 -0.001940 0.000000000 1319018124.708826065 
592.236850977 3.276098 2.637266 1.063356 -0.132867 0.016520 -1.140264 -0.000269 -0.125263 -0.024637 0.006141 -0.007535 -0.003075 4.552918 0.479388 4.095440 -3.103335 -0.184808 1.413842 -0.010056 -0.120899 0.003955 0.001374 0.000752 -0.001981 0.000000000 1319018127.189764977 
594.618417978 2.999929 2.511475 1.044733 -0.118341 -0.002236 -1.145144 0.005711 -0.126226 -0.026684 -0.004663 -0.010356 0.001720 4.264655 0.500875 4.092613 -3.100933 -0.186778 1.418571 -0.000826 -0.124105 -0.003005 -0.001394 0.010673 0.003628 0.000000000 1319018129.571331978 
596.900861979 2.738226 2.378450 1.018299 -0.129030 -0.025245 -1.138454 0.000083 -0.112006 -0.029407 0.010852 -0.000739 -0.005443 3.984376 0.538548 4.110312 -3.102344 -0.210774 1.409099 -0.009353 -0.117430 -0.005283 0.000948 -0.001241 -0.005214 0.000000000 1319018131.853775978 
599.877913952 2.428317 2.233947 0.974405 -0.096310 -0.029508 -1.154247 0.014190 -0.106516 -0.034906 0.012817 0.016047 0.004752 3.634842 0.561738 4.133269 -3.102873 -0.207665 1.425099 0.000063 -0.124745 -0.006328 0.003452 0.002873 0.002971 0.000000000 1319018134.830827951 
602.160360098 2.213780 2.101822 0.919461 -0.067334 0.007993 -1.146979 0.004554 -0.110322 -0.029930 0.004667 0.004516 0.004875 3.353158 0.597909 4.158205 -3.093510 -0.213951 1.417904 -0.002092 -0.122407 -0.005674 -0.003167 0.002596 0.000646 0.000000000 1319018137.113274097 
604.641171932 1.964780 1.977578 0.863705 -0.055665 0.019985 -1.135665 -0.000776 -0.100805 -0.024512 -0.000129 0.009148 0.009124 3.052346 0.632974 4.185105 -3.100951 -0.220306 1.415948 0.000632 -0.111599 -0.008038 0.001336 0.000589 0.005400 0.000000000 1319018139.594085932 
608.015213966 1.651020 1.836017 0.800116 -0.055522 0.052508 -1.106620 -0.004425 -0.112372 -0.039090 0.000471 0.010913 -0.000749 2.680601 0.683733 4.226943 -3.092354 -0.221516 1.397204 -0.004591 -0.129759 -0.014928 0.002340 0.002716 -0.000284 0.000000000 1319018142.968127966 
610.694525003 1.369648 1.713544 0.712995 -0.054475 0.081590 -1.110258 0.041742 -0.081538 -0.043194 0.004396 0.000735 0.070415 2.336278 0.719200 4.279905 -3.086174 -0.228822 1.397617 0.039583 -0.090759 -0.013080 0.002535 0.000716 0.072429 0.000000000 1319018145.647439003 
612.877718925 1.243126 1.557068 0.621381 -0.031730 0.090569 -0.956210 0.156027 0.012402 -0.023976 0.009111 -0.037469 0.214278 2.155914 0.827101 4.337965 -3.044767 -0.218766 1.235757 0.160785 0.003780 0.002494 -0.037472 -0.009471 0.213917 0.000000000 1319018147.830632925 
614.564677954 1.408170 1.357256 0.556653 0.017805 0.032712 -0.593331 0.155297 -0.017442 -0.043421 0.007023 0.004553 0.213323 2.248926 1.076183 4.392141 -3.037105 -0.154799 0.873828 0.155136 -0.021446 -0.019786 0.010191 -0.006840 0.215797 0.000000000 1319018149.517591953 
616.847121954 1.677912 1.129463 0.445315 0.047079 0.030967 -0.106082 0.163617 0.015954 -0.018020 0.007513 -0.031995 0.216178 2.434829 1.366761 4.496156 -2.953453 -0.071835 0.384746 0.155749 0.007795 -0.021804 -0.031279 -0.003901 0.215496 0.000000000 1319018151.800035954 
618.434833050 1.938083 1.128559 0.409897 0.066709 -0.037395 0.234001 0.062291 -0.018578 -0.010048 0.005437 -0.004528 0.048736 2.668329 1.441210 4.545515 -2.990083 0.001046 0.050112 0.054959 -0.017351 -0.014130 -0.001049 -0.002095 0.047960 0.000000000 1319018153.387747049 
622.007369041 2.170667 1.118382 0.378004 0.078710 -0.064527 0.406969 0.018982 -0.123032 -0.005075 -0.005727 -0.001004 0.000236 2.861801 1.504638 4.604569 -2.996158 0.034170 -0.118194 0.012980 -0.119448 0.004914 0.000084 0.009163 -0.000442 0.000000000 1319018156.960283041 
624.686678886 2.349267 0.838680 0.341892 0.063338 -0.067260 0.407389 -0.005799 -0.132082 -0.000189 -0.000466 -0.001742 0.003732 2.935013 1.816752 4.636714 -2.995971 0.009708 -0.120581 -0.001366 -0.123048 0.012915 0.003337 -0.001708 0.003608 0.000000000 1319018159.639592886 
626.869874001 2.452834 0.569967 0.322420 0.061787 -0.071569 0.415301 -0.005994 -0.116618 -0.007622 -0.006323 -0.006527 -0.003450 2.964624 2.085023 4.647827 -2.988759 0.014541 -0.127835 0.010304 -0.119131 0.007127 -0.008034 -0.004696 -0.004642 0.000000000 1319018161.822788000 
629.549182892 2.566087 0.280453 0.281697 0.045591 -0.088448 0.404955 -0.002413 -0.125460 0.004646 -0.004913 0.001110 -0.002731 3.033021 2.397226 4.677144 -3.010082 0.025083 -0.113623 -0.002131 -0.113863 0.016765 0.009326 0.005012 -0.004798 0.000000000 1319018164.502096891 
632.724730015 2.716413 -0.088853 0.277615 0.030743 -0.084530 0.396421 -0.004014 -0.122987 0.005385 -0.000611 0.003434 0.000659 3.067599 2.761090 4.671950 -2.980136 0.007304 -0.100607 -0.004131 -0.119394 0.018141 0.004626 0.000606 -0.001629 0.000000000 1319018167.677644014 
635.304914951 2.829205 -0.385948 0.280858 0.029000 -0.075725 0.398399 -0.001025 -0.124873 -0.002888 -0.000849 -0.011269 -0.004191 3.088313 3.072160 4.675352 -2.968172 0.005085 -0.096711 -0.005562 -0.134553 0.014466 -0.018719 0.003617 -0.006135 0.000000000 1319018170.257828951 
637.587234974 2.938534 -0.648809 0.265872 0.027854 -0.101153 0.388042 0.003950 -0.126550 -0.006657 0.000391 0.002868 0.002690 3.105539 3.380120 4.695884 -3.010839 -0.005464 -0.084345 -0.003713 -0.127960 0.007998 0.002523 0.005136 0.002959 0.000000000 1319018172.540148973 
640.365791082 3.084087 -0.968478 0.238843 0.028160 -0.093393 0.395770 -0.000544 -0.127207 0.003126 0.000623 -0.004376 -0.004961 3.125068 3.735143 4.720150 -3.003767 -0.018541 -0.094359 0.001682 -0.125065 0.017068 -0.002361 -0.002324 -0.004214 0.000000000 1319018175.318705082 
644.236068964 3.272163 -1.423625 0.236885 0.032415 -0.109764 0.375984 -0.005225 -0.128227 0.000491 -0.000898 -0.003001 -0.003344 3.177556 4.220880 4.721339 -3.013242 -0.011869 -0.076967 -0.003806 -0.124062 0.013404 0.001775 0.000097 -0.000923 0.000000000 1319018179.188982964 
646.617635965 3.373634 -1.711752 0.226846 0.031179 -0.116645 0.367736 -0.000899 -0.125682 -0.001741 -0.001293 -0.010103 -0.001251 3.191293 4.517821 4.727390 -3.009041 -0.012379 -0.074818 -0.004946 -0.122868 0.011396 -0.005579 0.004438 0.001476 0.000000000 1319018181.570549965 
649.098573923 3.485086 -2.002657 0.212644 0.028437 -0.141600 0.363815 0.093513 -0.064663 -0.004384 0.006930 -0.010259 0.143598 3.201770 4.823784 4.739500 -3.022813 -0.022808 -0.079905 0.078416 -0.051552 0.003799 0.005703 -0.001555 0.142209 0.000000000 1319018184.051487923 
651.877130985 3.791545 -2.077775 0.232202 -0.010059 -0.169940 0.767738 0.165389 -0.003125 0.032202 -0.005089 0.004694 0.202103 3.430206 4.949433 4.750960 -3.007300 0.028846 -0.471718 0.162870 -0.033203 0.036980 -0.017207 0.016637 0.197184 0.000000000 1319018186.830044985 
654.060326099 4.043276 -1.843281 0.362623 -0.093183 -0.139033 1.213409 0.146020 0.008868 0.001562 0.029669 -0.020879 0.206929 3.782568 4.862461 4.670432 -3.069236 0.046051 -0.903613 0.138768 0.012054 -0.003874 -0.013785 -0.026584 0.207656 0.000000000 1319018189.013240099 
656.144273996 4.131105 -1.554616 0.406302 -0.081518 -0.130559 1.650639 0.121449 -0.001197 0.013898 -0.010858 0.000094 0.139177 3.941357 4.619437 4.663350 -3.123670 0.127478 -1.333760 0.115900 -0.002837 0.006360 0.002271 0.016062 0.135493 0.000000000 1319018191.097187996 
658.228221893 4.111520 -1.308237 0.468074 -0.138073 -0.101644 1.941211 0.041562 -0.038459 0.006284 0.003051 0.006285 0.030298 4.003197 4.389635 4.619604 3.127894 0.093929 -1.617822 0.041480 -0.037358 0.003198 0.008956 -0.002748 0.029904 0.000000000 1319018193.181135893 
661.800632000 4.183533 -1.126293 0.524072 -0.137026 -0.063985 2.045494 0.004187 -0.105056 0.004946 0.000453 -0.003287 -0.005472 4.129461 4.237246 4.592513 -3.133283 0.101745 -1.725329 0.007514 -0.114340 0.003700 -0.007314 -0.003036 -0.004570 0.000000000 1319018196.753546000 
665.472292900 4.516243 -0.943148 0.595589 -0.134178 -0.078674 2.027185 0.001235 -0.110944 0.006840 0.002264 -0.020849 -0.003378 4.540307 4.146509 4.579667 3.124774 0.112738 -1.708350 -0.001481 -0.112399 0.003151 -0.017579 0.000214 -0.002072 0.000000000 1319018200.425206900 
667.754735947 4.740101 -0.834431 0.645004 -0.129062 -0.126864 2.025905 0.010608 -0.111271 0.006246 0.003098 0.008990 -0.000932 4.794910 4.115963 4.568614 3.085186 0.112328 -1.703583 -0.000353 -0.129534 -0.002792 -0.003207 0.005632 0.003263 0.000000000 1319018202.707649946 
671.624888897 5.107407 -0.620525 0.728956 -0.116123 -0.092820 2.017817 -0.007268 -0.119531 0.002211 0.000344 0.002418 -0.001785 5.292068 4.052903 4.551401 3.071483 0.089847 -1.715005 -0.012846 -0.130994 -0.005002 -0.002354 0.004439 -0.001511 0.000000000 1319018206.577802896 
674.006577969 5.370822 -0.517290 0.765402 -0.114848 -0.087592 2.012908 0.004237 -0.124388 0.004331 -0.002169 0.002622 -0.001142 5.605390 4.039099 4.544215 3.066263 0.079552 -1.710661 -0.002727 -0.127813 -0.008656 0.004691 0.007602 -0.002308 0.000000000 1319018208.959491968 
676.189773083 5.611253 -0.397206 0.806569 -0.119311 -0.082190 2.009764 -0.010578 -0.117733 0.004919 -0.001197 -0.002825 -0.002465 5.883183 4.006157 4.542539 3.076996 0.063379 -1.704376 -0.004668 -0.114811 -0.001968 0.004221 -0.004621 -0.003483 0.000000000 1319018211.142687082 
678.670586109 5.885192 -0.301730 0.851138 -0.121851 -0.089875 2.004506 -0.004372 -0.119200 0.005432 -0.007916 -0.003981 0.002297 6.166847 3.980563 4.529786 3.087967 0.075374 -1.696471 -0.004011 -0.113334 0.000414 0.005089 0.007575 0.001922 0.000000000 1319018213.623500109 
681.151524067 6.156463 -0.192882 0.899289 -0.142111 -0.098982 2.011396 -0.013261 -0.121416 -0.000666 -0.002994 0.006038 -0.001806 6.446744 3.956424 4.514485 3.100301 0.056352 -1.700231 -0.011206 -0.124634 -0.005140 0.005339 0.002019 -0.001085 0.000000000 1319018216.104438066 
683.533087969 6.430638 -0.102654 0.935359 -0.148629 -0.085355 2.005079 -0.000805 -0.116646 0.001020 -0.002009 -0.001488 -0.003059 6.744775 3.944502 4.515966 3.113174 0.051655 -1.697446 -0.003761 -0.111919 -0.004018 0.002008 0.005446 -0.001106 0.000000000 1319018218.486001968 
685.914778948 6.681925 0.007700 0.978578 -0.152839 -0.089936 1.998371 -0.004998 -0.117782 -0.002936 -0.000813 0.003949 -0.004822 7.010477 3.919585 4.518417 3.118109 0.038765 -1.694443 -0.008722 -0.118385 -0.004453 0.005188 0.003392 -0.005481 0.000000000 1319018220.867692947 
688.891829014 7.006303 0.134814 1.021807 -0.153811 -0.080490 1.982341 -0.004240 -0.119576 0.006959 -0.000702 0.002326 -0.001650 7.363612 3.901649 4.524398 3.134198 0.029046 -1.677886 -0.006902 -0.124554 0.001837 -0.001571 0.003689 -0.000091 0.000000000 1319018223.844743013 
691.174272060 7.256966 0.228650 1.078351 -0.155048 -0.075819 1.977793 0.009855 -0.127945 -0.001543 0.004406 -0.009668 0.000358 7.647935 3.887105 4.518563 3.130621 0.020628 -1.677616 0.003672 -0.117159 -0.001074 -0.000206 -0.000091 0.000540 0.000000000 1319018226.127186060 
693.853579044 7.559619 0.383755 1.129064 -0.143669 -0.101262 1.982764 -0.012067 -0.129563 -0.003288 -0.005485 -0.010204 0.004962 7.959016 3.843868 4.517793 3.130040 0.020856 -1.679066 -0.006589 -0.128167 -0.001981 -0.007412 0.000138 0.002316 0.000000000 1319018228.806493044 
696.929877043 7.939103 0.504086 1.172124 -0.162584 -0.130124 2.002525 0.021690 -0.128214 0.011084 0.010454 0.006444 -0.001762 8.353217 3.821372 4.519756 3.107091 0.020347 -1.686187 -0.003513 -0.122501 -0.005508 0.011566 0.009034 -0.001812 0.000000000 1319018231.882791042 
699.013824940 8.160014 0.645775 1.243475 -0.140052 -0.117465 1.996688 -0.004280 -0.121322 0.014348 0.002755 -0.000209 -0.001991 8.607883 3.799168 4.522570 3.131278 0.001662 -1.681763 -0.009833 -0.127250 0.006775 -0.003306 0.001670 -0.002160 0.000000000 1319018233.966738939 
702.685482025 8.566990 0.798551 1.355194 -0.129090 -0.119241 1.989503 0.001387 -0.116166 0.003754 -0.001897 -0.008920 -0.002364 9.075953 3.783389 4.492936 3.119154 -0.004387 -1.673771 -0.000207 -0.111366 -0.006058 -0.003184 0.003038 -0.001758 0.000000000 1319018237.638396025 
705.364789963 8.848720 0.921449 1.405322 -0.133824 -0.143756 1.986268 -0.004677 -0.119587 0.005830 -0.003245 -0.004353 0.004320 9.373106 3.753280 4.502466 3.110602 -0.012420 -1.668879 -0.002857 -0.115620 -0.005678 0.000022 0.001313 0.003832 0.000000000 1319018240.317703962 
708.441087008 9.189723 1.045850 1.469432 -0.145974 -0.155237 2.001407 0.008756 -0.129410 0.014201 0.009753 0.008386 0.002057 9.728314 3.727241 4.508794 3.110815 -0.016822 -1.680537 -0.007355 -0.126851 0.000111 0.010177 0.003283 0.002685 0.000000000 1319018243.394001007 
710.624280930 9.436379 1.167727 1.543293 -0.124984 -0.136470 2.003203 0.002966 -0.109928 0.004782 -0.000925 0.007213 0.004034 10.005192 3.712737 4.499760 3.133128 -0.024167 -1.686178 0.000411 -0.117861 -0.002849 -0.000974 0.000858 -0.000094 0.000000000 1319018245.577194929 
713.204466105 9.690039 1.286019 1.591491 -0.128484 -0.116701 2.011263 -0.007854 -0.115052 -0.000394 0.002832 0.010624 0.000467 10.307216 3.676784 4.504560 3.130608 -0.026378 -1.685917 -0.005113 -0.123499 -0.006629 0.001855 -0.005383 -0.000196 0.000000000 1319018248.157380104 
715.387537003 9.924277 1.373568 1.620611 -0.122107 -0.093568 2.009295 0.005320 -0.116586 -0.005249 -0.004013 0.001215 0.003507 10.576498 3.657185 4.515771 3.134649 -0.014622 -1.685619 0.006682 -0.119610 -0.011050 -0.003292 0.001990 0.003872 0.000000000 1319018250.340451002 
717.868474007 10.180946 1.506144 1.644052 -0.132834 -0.089512 2.017598 -0.046245 -0.092036 -0.006686 0.001426 0.008075 -0.076234 10.869613 3.607067 4.541364 3.126622 -0.019624 -1.695193 -0.049784 -0.094463 -0.009760 0.004148 0.001653 -0.078497 0.000000000 1319018252.821388006 
721.143265963 10.518857 1.498979 1.648657 -0.101731 -0.093203 1.765549 -0.150003 0.050001 -0.025573 0.000975 -0.004687 -0.218008 11.197301 3.730903 4.565487 3.135708 -0.020585 -1.438027 -0.138928 0.033831 -0.011002 -0.009093 -0.011606 -0.215870 0.000000000 1319018256.096179962 
724.120315075 10.465565 1.043890 1.516636 -0.021681 -0.149625 1.113793 -0.119594 0.038493 -0.037329 -0.023986 -0.003833 -0.219033 11.042834 4.128144 4.590311 3.097471 0.021595 -0.795909 -0.131138 0.040299 -0.033215 -0.005976 0.034719 -0.217134 0.000000000 1319018259.073229074 
726.204262018 10.291595 0.868019 1.400860 -0.002966 -0.151728 0.651954 -0.062310 -0.026730 -0.000962 -0.000299 -0.004410 -0.038677 10.795015 4.265673 4.669050 3.098899 -0.033609 -0.341335 -0.057489 -0.020820 -0.002081 0.000773 -0.001372 -0.039536 0.000000000 1319018261.157176018 
730.471278906 10.152340 0.618224 1.356951 0.020981 -0.168949 0.484600 -0.017973 -0.126893 0.002897 0.001314 -0.001387 -0.002513 10.593670 4.431793 4.665884 3.097172 -0.020117 -0.173012 -0.020093 -0.131203 0.010857 -0.005695 0.001268 0.001679 0.000000000 1319018265.424192905 
734.242307901 10.316068 0.163498 1.346425 0.027573 -0.173972 0.474868 -0.014837 -0.132654 0.008413 -0.004044 0.002989 0.002343 10.605067 4.929730 4.601500 3.075818 -0.025176 -0.179128 -0.015782 -0.122094 0.010761 0.010510 0.004850 0.003078 0.000000000 1319018269.195221901 
736.822366953 10.437351 -0.159513 1.351877 0.016040 -0.166427 0.481211 -0.010979 -0.130747 -0.000011 -0.004757 -0.000321 0.003030 10.621891 5.244268 4.552082 3.103111 -0.038184 -0.186234 0.001467 -0.131104 0.005350 -0.001028 -0.004150 0.005201 0.000000000 1319018271.775280952 
739.501673937 10.574587 -0.482995 1.341434 0.001933 -0.167413 0.489428 -0.003876 -0.114612 -0.012939 0.001841 -0.003653 0.002404 10.691686 5.587739 4.524414 3.100906 -0.027606 -0.200590 -0.009865 -0.120406 -0.002877 -0.008443 0.002003 0.001031 0.000000000 1319018274.454587936 
741.982610941 10.704667 -0.735803 1.307637 0.005494 -0.176486 0.495468 0.000096 -0.127520 -0.009921 0.005695 -0.002517 0.012350 10.727374 5.885359 4.518721 3.080023 -0.032675 -0.202945 -0.011061 -0.125820 0.002482 -0.005634 0.001806 0.000548 0.000000000 1319018276.935524940 
744.463423014 10.859284 -1.011680 1.281738 0.014157 -0.182815 0.526590 -0.006018 -0.112937 0.005663 -0.008128 0.011709 0.014827 10.764040 6.195499 4.492487 3.066081 -0.037231 -0.204026 -0.001178 -0.117210 0.009228 0.003223 0.002816 0.004719 0.000000000 1319018279.416337013 
746.845112085 10.980848 -1.252331 1.288650 -0.011774 -0.155314 0.562716 -0.016370 -0.127890 -0.004140 -0.005394 -0.010154 0.001969 10.818925 6.466707 4.449438 3.074157 -0.044764 -0.214738 -0.015178 -0.126199 0.005290 -0.013389 0.005569 -0.000242 0.000000000 1319018281.798026085 
749.325923920 11.117078 -1.541630 1.275913 -0.025973 -0.180444 0.567980 0.010321 -0.122106 -0.016950 0.006026 0.010635 0.001102 10.850043 6.778723 4.413597 3.040866 -0.058507 -0.213206 0.000622 -0.128450 -0.007892 0.003805 0.001706 0.004676 0.000000000 1319018284.278837919 
751.509119034 11.284185 -1.752262 1.250376 -0.013151 -0.157170 0.569804 0.005073 -0.123236 -0.015695 0.005369 -0.001857 -0.000047 10.911403 7.052685 4.402638 3.049750 -0.063237 -0.223007 -0.006919 -0.114152 -0.007934 0.005294 0.004454 0.002717 0.000000000 1319018286.462033033 
754.188550949 11.478873 -2.020310 1.215261 0.001243 -0.162146 0.569743 0.003419 -0.129416 -0.000851 0.004508 -0.011824 0.000957 10.961576 7.355612 4.394597 3.064321 -0.075787 -0.229179 -0.006145 -0.130868 0.007814 -0.017217 0.002304 0.000518 0.000000000 1319018289.141464949 
756.371620893 11.637774 -2.254039 1.214286 0.010747 -0.187960 0.571835 0.007324 -0.124072 -0.012244 0.002886 -0.000406 0.001606 11.015839 7.634090 4.354633 3.026790 -0.080889 -0.229921 -0.005672 -0.120958 -0.007490 -0.000800 0.007941 0.003782 0.000000000 1319018291.324534893 
